run,type,module,name,attrname,attrvalue,vectime,vecvalue
General-342-20260805-15:28:35-69325,runattr,,,configname,General,,
General-342-20260805-15:28:35-69325,runattr,,,datetime,20260805-15:28:35,,
General-342-20260805-15:28:35-69325,runattr,,,datetimef,20260805-152835,,
General-342-20260805-15:28:35-69325,runattr,,,experiment,General,,
General-342-20260805-15:28:35-69325,runattr,,,inifile,Test_MLModel_7.ini,,
General-342-20260805-15:28:35-69325,runattr,,,iterationvars,"$myraan=195, $threshold=0.50, $0=15937",,
General-342-20260805-15:28:35-69325,runattr,,,iterationvarsd,myraan=195/threshold=0.50/15937,,
General-342-20260805-15:28:35-69325,runattr,,,iterationvarsf,"myraan=195,threshold=0.50,15937-",,
General-342-20260805-15:28:35-69325,runattr,,,measurement,"$myraan=195, $threshold=0.50, $0=15937",,
General-342-20260805-15:28:35-69325,runattr,,,network,Florasat.Test_Individual.Florasat_Individual_Sats,,
General-342-20260805-15:28:35-69325,runattr,,,processid,69325,,
General-342-20260805-15:28:35-69325,runattr,,,repetition,2,,
General-342-20260805-15:28:35-69325,runattr,,,replication,#2,,
General-342-20260805-15:28:35-69325,runattr,,,resultdir,results,,
General-342-20260805-15:28:35-69325,runattr,,,runnumber,342,,
General-342-20260805-15:28:35-69325,runattr,,,seedset,342,,
General-342-20260805-15:28:35-69325,itervar,,,myraan,195,,
General-342-20260805-15:28:35-69325,itervar,,,threshold,0.50,,
General-342-20260805-15:28:35-69325,config,,,*.stats_altitude,670,,
General-342-20260805-15:28:35-69325,config,,,*.stats_raan,185,,
General-342-20260805-15:28:35-69325,config,,,image-path,../../images:../../../../samples/inet4.5_2/images,,
General-342-20260805-15:28:35-69325,config,,,network,Florasat.Test_Individual.Florasat_Individual_Sats,,
General-342-20260805-15:28:35-69325,config,,,rng-class,cMersenneTwister,,
General-342-20260805-15:28:35-69325,config,,,*.**.result-recording-modes,-,,
General-342-20260805-15:28:35-69325,config,,,**.result-recording-modes,-,,
General-342-20260805-15:28:35-69325,config,,,**.statistic-recording,true,,
General-342-20260805-15:28:35-69325,config,,,**.scalar-recording,true,,
General-342-20260805-15:28:35-69325,config,,,**.vector-recording,true,,
General-342-20260805-15:28:35-69325,config,,,**.vector-record-eventnumbers,true,,
General-342-20260805-15:28:35-69325,config,,,repeat,10,,
General-342-20260805-15:28:35-69325,config,,,seed-0-mt,15937,,
General-342-20260805-15:28:35-69325,config,,,sim-time-limit,749s,,
General-342-20260805-15:28:35-69325,config,,,simtime-resolution,-11,,
General-342-20260805-15:28:35-69325,config,,,**.stats_altitude,670,,
General-342-20260805-15:28:35-69325,config,,,**.stats_raan,185,,
General-342-20260805-15:28:35-69325,config,,,*.radioMedium.backgroundNoise.power,-110dBm,,
General-342-20260805-15:28:35-69325,config,,,*.radioMedium.mediumLimitCache.centerFrequency,868MHz,,
General-342-20260805-15:28:35-69325,config,,,*.radioMedium.mediumLimitCache.maxTransmissionDuration,4s,,
General-342-20260805-15:28:35-69325,config,,,*.radioMedium.mediumLimitCache.minInterferenceTime,0s,,
General-342-20260805-15:28:35-69325,config,,,**.numSatellites,1,,
General-342-20260805-15:28:35-69325,config,,,*.satellite[*].mobilityType,"""Sat_Mob_SatelliteMobility_Standalone""",,
General-342-20260805-15:28:35-69325,config,,,*.satellite[*].noradModuleType,"""Sat_Mob_NoradA""",,
General-342-20260805-15:28:35-69325,config,,,**.satellite[*].**.initFromDisplayString,false,,
General-342-20260805-15:28:35-69325,config,,,*.satellite[*].mobility.faceForward,true,,
General-342-20260805-15:28:35-69325,config,,,*.satellite[*].mobility.updateInterval,20s,,
General-342-20260805-15:28:35-69325,config,,,*.satellite[*].NoradModule.satName,"""FLoRaSat""",,
General-342-20260805-15:28:35-69325,config,,,*.satellite[*].NoradModule.satIndex,-1,,
General-342-20260805-15:28:35-69325,config,,,*.satellite[*].NoradModule.baseYear,20,,
General-342-20260805-15:28:35-69325,config,,,*.satellite[*].NoradModule.baseDay,1.5,,
General-342-20260805-15:28:35-69325,config,,,*.satellite[*].NoradModule.planes,1,,
General-342-20260805-15:28:35-69325,config,,,*.satellite[*].NoradModule.satPerPlane,1,,
General-342-20260805-15:28:35-69325,config,,,*.satellite[*].NoradModule.eccentricity,0.000001,,
General-342-20260805-15:28:35-69325,config,,,*.satellite[*].NoradModule.inclination,98,,
General-342-20260805-15:28:35-69325,config,,,*.satellite[*].NoradModule.altitude,670,,
General-342-20260805-15:28:35-69325,config,,,*.satellite[0].NoradModule.raan,195,,
General-342-20260805-15:28:35-69325,config,,,*.satellite[0].NoradModule.meanAnomaly,195,,
General-342-20260805-15:28:35-69325,config,,,*.satellite[*].phyDSL.radio.receiver.enableCollisionOverlap,true,,
General-342-20260805-15:28:35-69325,config,,,*.satellite[*].phyDSL.radio.receiver.minCollisionOverlap,0s,,
General-342-20260805-15:28:35-69325,config,,,*.satellite[*].phyDSL.radio.antenna.typename,ConstantGainAntenna,,
General-342-20260805-15:28:35-69325,config,,,*.satellite[*].phyDSL.radio.antenna.mobilityModule,"""^.^.^.mobility""",,
General-342-20260805-15:28:35-69325,config,,,*.satellite[*].phyISL.radio.antenna.mobilityModule,"""^.^.^.mobility""",,
General-342-20260805-15:28:35-69325,config,,,*.satellite[*].phyGSL.radio.antenna.mobilityModule,"""^.^.^.mobility""",,
General-342-20260805-15:28:35-69325,config,,,*.satellite[*].phyDSL.radio.antenna.gain,12dB,,
General-342-20260805-15:28:35-69325,config,,,*.satellite[*].net.routingType,"""Null_Routing""",,
General-342-20260805-15:28:35-69325,config,,,*.terminal[*].net.routingType,"""Ter_Null_Routing""",,
General-342-20260805-15:28:35-69325,config,,,*.**.numGroundLinks,40,,
General-342-20260805-15:28:35-69325,config,,,*.satellite[*].**.interfaceTableModule,"""""",,
General-342-20260805-15:28:35-69325,config,,,**.radioMedium.typename,LoRaMedium,,
General-342-20260805-15:28:35-69325,config,,,**.radioMedium.analogModel.typename,LoRaAnalogModel,,
General-342-20260805-15:28:35-69325,config,,,**.intraPlaneIslDisabled,false,,
General-342-20260805-15:28:35-69325,config,,,**.interPlaneIslDisabled,false,,
General-342-20260805-15:28:35-69325,config,,,**.numTerminals,60,,
General-342-20260805-15:28:35-69325,config,,,*.terminal[*].phy.radio.antenna.mobilityModule,"""^.^.^.mob""",,
General-342-20260805-15:28:35-69325,config,,,*.terminal[*].dlk.mac.interfaceTableModule,"""""",,
General-342-20260805-15:28:35-69325,config,,,*.terminal[*].dlk.energySourceModule,"""""",,
General-342-20260805-15:28:35-69325,config,,,*.terminal[*].dlk.mac.LoRaTP,"intuniform(12, 14)",,
General-342-20260805-15:28:35-69325,config,,,*.terminal[*].dlk.mac.LoRaSF,"intuniform(10, 12)",,
General-342-20260805-15:28:35-69325,config,,,*.terminal[*].dlk.mac.useMLBoxTwoBranches,true,,
General-342-20260805-15:28:35-69325,config,,,*.terminal[*].dlk.mac.mlBoxTwoBranches.modelPath,"""/home/ylnner/Documents/omnet++/omnetpp-6.3.0/projects/florasat_v4_ult_routing/simulations/Test_Individual/mlmodels/two_branch_transformer_scripted.pt""",,
General-342-20260805-15:28:35-69325,config,,,*.terminal[*].dlk.mac.mlBoxTwoBranches.threshold,0.50,,
General-342-20260805-15:28:35-69325,config,,,**.numberOfPacketsToSend,0,,
General-342-20260805-15:28:35-69325,config,,,**.timeToFirstPacket,1s,,
General-342-20260805-15:28:35-69325,config,,,**.timeToNextPacket,115s,,
General-342-20260805-15:28:35-69325,config,,,*.terminal[0].mob.radius,0.0,,
General-342-20260805-15:28:35-69325,config,,,*.terminal[0].mob.centerLatitude,54.978,,
General-342-20260805-15:28:35-69325,config,,,*.terminal[0].mob.centerLongitude,-1.617,,
General-342-20260805-15:28:35-69325,config,,,*.terminal[1].mob.radius,0.0,,
General-342-20260805-15:28:35-69325,config,,,*.terminal[1].mob.centerLatitude,52.630,,
General-342-20260805-15:28:35-69325,config,,,*.terminal[1].mob.centerLongitude,-1.139,,
General-342-20260805-15:28:35-69325,config,,,*.terminal[2].mob.radius,0.0,,
General-342-20260805-15:28:35-69325,config,,,*.terminal[2].mob.centerLatitude,52.612,,
General-342-20260805-15:28:35-69325,config,,,*.terminal[2].mob.centerLongitude,-6.295,,
General-342-20260805-15:28:35-69325,config,,,*.terminal[3].mob.radius,0.0,,
General-342-20260805-15:28:35-69325,config,,,*.terminal[3].mob.centerLatitude,47.243,,
General-342-20260805-15:28:35-69325,config,,,*.terminal[3].mob.centerLongitude,6.024,,
General-342-20260805-15:28:35-69325,config,,,*.terminal[4].mob.radius,0.0,,
General-342-20260805-15:28:35-69325,config,,,*.terminal[4].mob.centerLatitude,43.610,,
General-342-20260805-15:28:35-69325,config,,,*.terminal[4].mob.centerLongitude,3.876,,
General-342-20260805-15:28:35-69325,config,,,*.terminal[5].mob.radius,0.0,,
General-342-20260805-15:28:35-69325,config,,,*.terminal[5].mob.centerLatitude,49.443,,
General-342-20260805-15:28:35-69325,config,,,*.terminal[5].mob.centerLongitude,1.099,,
General-342-20260805-15:28:35-69325,config,,,*.terminal[6].mob.radius,0.0,,
General-342-20260805-15:28:35-69325,config,,,*.terminal[6].mob.centerLatitude,37.992,,
General-342-20260805-15:28:35-69325,config,,,*.terminal[6].mob.centerLongitude,-1.130,,
General-342-20260805-15:28:35-69325,config,,,*.terminal[7].mob.radius,0.0,,
General-342-20260805-15:28:35-69325,config,,,*.terminal[7].mob.centerLatitude,40.965,,
General-342-20260805-15:28:35-69325,config,,,*.terminal[7].mob.centerLongitude,-5.664,,
General-342-20260805-15:28:35-69325,config,,,*.terminal[8].mob.radius,0.0,,
General-342-20260805-15:28:35-69325,config,,,*.terminal[8].mob.centerLatitude,40.657,,
General-342-20260805-15:28:35-69325,config,,,*.terminal[8].mob.centerLongitude,-7.914,,
General-342-20260805-15:28:35-69325,config,,,*.terminal[9].mob.radius,0.0,,
General-342-20260805-15:28:35-69325,config,,,*.terminal[9].mob.centerLatitude,51.340,,
General-342-20260805-15:28:35-69325,config,,,*.terminal[9].mob.centerLongitude,12.373,,
General-342-20260805-15:28:35-69325,config,,,*.terminal[10].mob.radius,0.0,,
General-342-20260805-15:28:35-69325,config,,,*.terminal[10].mob.centerLatitude,51.455,,
General-342-20260805-15:28:35-69325,config,,,*.terminal[10].mob.centerLongitude,7.011,,
General-342-20260805-15:28:35-69325,config,,,*.terminal[11].mob.radius,0.0,,
General-342-20260805-15:28:35-69325,config,,,*.terminal[11].mob.centerLatitude,49.452,,
General-342-20260805-15:28:35-69325,config,,,*.terminal[11].mob.centerLongitude,11.076,,
General-342-20260805-15:28:35-69325,config,,,*.terminal[12].mob.radius,0.0,,
General-342-20260805-15:28:35-69325,config,,,*.terminal[12].mob.centerLatitude,43.769,,
General-342-20260805-15:28:35-69325,config,,,*.terminal[12].mob.centerLongitude,11.255,,
General-342-20260805-15:28:35-69325,config,,,*.terminal[13].mob.radius,0.0,,
General-342-20260805-15:28:35-69325,config,,,*.terminal[13].mob.centerLatitude,41.117,,
General-342-20260805-15:28:35-69325,config,,,*.terminal[13].mob.centerLongitude,16.871,,
General-342-20260805-15:28:35-69325,config,,,*.terminal[14].mob.radius,0.0,,
General-342-20260805-15:28:35-69325,config,,,*.terminal[14].mob.centerLatitude,52.132,,
General-342-20260805-15:28:35-69325,config,,,*.terminal[14].mob.centerLongitude,5.291,,
General-342-20260805-15:28:35-69325,config,,,*.terminal[15].mob.radius,0.0,,
General-342-20260805-15:28:35-69325,config,,,*.terminal[15].mob.centerLatitude,50.411,,
General-342-20260805-15:28:35-69325,config,,,*.terminal[15].mob.centerLongitude,4.444,,
General-342-20260805-15:28:35-69325,config,,,*.terminal[16].mob.radius,0.0,,
General-342-20260805-15:28:35-69325,config,,,*.terminal[16].mob.centerLatitude,47.559,,
General-342-20260805-15:28:35-69325,config,,,*.terminal[16].mob.centerLongitude,7.588,,
General-342-20260805-15:28:35-69325,config,,,*.terminal[17].mob.radius,0.0,,
General-342-20260805-15:28:35-69325,config,,,*.terminal[17].mob.centerLatitude,55.403,,
General-342-20260805-15:28:35-69325,config,,,*.terminal[17].mob.centerLongitude,10.402,,
General-342-20260805-15:28:35-69325,config,,,*.terminal[18].mob.radius,0.0,,
General-342-20260805-15:28:35-69325,config,,,*.terminal[18].mob.centerLatitude,59.858,,
General-342-20260805-15:28:35-69325,config,,,*.terminal[18].mob.centerLongitude,17.638,,
General-342-20260805-15:28:35-69325,config,,,*.terminal[19].mob.radius,0.0,,
General-342-20260805-15:28:35-69325,config,,,*.terminal[19].mob.centerLatitude,60.451,,
General-342-20260805-15:28:35-69325,config,,,*.terminal[19].mob.centerLongitude,22.266,,
General-342-20260805-15:28:35-69325,config,,,*.terminal[20].mob.radius,0.0,,
General-342-20260805-15:28:35-69325,config,,,*.terminal[20].mob.centerLatitude,56.325,,
General-342-20260805-15:28:35-69325,config,,,*.terminal[20].mob.centerLongitude,22.349,,
General-342-20260805-15:28:35-69325,config,,,*.terminal[21].mob.radius,0.0,,
General-342-20260805-15:28:35-69325,config,,,*.terminal[21].mob.centerLatitude,49.883,,
General-342-20260805-15:28:35-69325,config,,,*.terminal[21].mob.centerLongitude,18.568,,
General-342-20260805-15:28:35-69325,config,,,*.terminal[22].mob.radius,0.0,,
General-342-20260805-15:28:35-69325,config,,,*.terminal[22].mob.centerLatitude,47.531,,
General-342-20260805-15:28:35-69325,config,,,*.terminal[22].mob.centerLongitude,21.627,,
General-342-20260805-15:28:35-69325,config,,,*.terminal[23].mob.radius,0.0,,
General-342-20260805-15:28:35-69325,config,,,*.terminal[23].mob.centerLatitude,44.179,,
General-342-20260805-15:28:35-69325,config,,,*.terminal[23].mob.centerLongitude,28.649,,
General-342-20260805-15:28:35-69325,config,,,*.terminal[24].mob.radius,0.0,,
General-342-20260805-15:28:35-69325,config,,,*.terminal[24].mob.centerLatitude,45.327,,
General-342-20260805-15:28:35-69325,config,,,*.terminal[24].mob.centerLongitude,14.442,,
General-342-20260805-15:28:35-69325,config,,,*.terminal[25].mob.radius,0.0,,
General-342-20260805-15:28:35-69325,config,,,*.terminal[25].mob.centerLatitude,40.694,,
General-342-20260805-15:28:35-69325,config,,,*.terminal[25].mob.centerLongitude,30.400,,
General-342-20260805-15:28:35-69325,config,,,*.terminal[26].mob.radius,0.0,,
General-342-20260805-15:28:35-69325,config,,,*.terminal[26].mob.centerLatitude,37.066,,
General-342-20260805-15:28:35-69325,config,,,*.terminal[26].mob.centerLongitude,37.383,,
General-342-20260805-15:28:35-69325,config,,,*.terminal[27].mob.radius,0.0,,
General-342-20260805-15:28:35-69325,config,,,*.terminal[27].mob.centerLatitude,64.836,,
General-342-20260805-15:28:35-69325,config,,,*.terminal[27].mob.centerLongitude,-23.708,,
General-342-20260805-15:28:35-69325,config,,,*.terminal[28].mob.radius,0.0,,
General-342-20260805-15:28:35-69325,config,,,*.terminal[28].mob.centerLatitude,28.099,,
General-342-20260805-15:28:35-69325,config,,,*.terminal[28].mob.centerLongitude,-17.113,,
General-342-20260805-15:28:35-69325,config,,,*.terminal[29].mob.radius,0.0,,
General-342-20260805-15:28:35-69325,config,,,*.terminal[29].mob.centerLatitude,34.921,,
General-342-20260805-15:28:35-69325,config,,,*.terminal[29].mob.centerLongitude,33.623,,
General-342-20260805-15:28:35-69325,config,,,*.terminal[30].mob.radius,0.0,,
General-342-20260805-15:28:35-69325,config,,,*.terminal[30].mob.centerLatitude,55.953,,
General-342-20260805-15:28:35-69325,config,,,*.terminal[30].mob.centerLongitude,-3.188,,
General-342-20260805-15:28:35-69325,config,,,*.terminal[31].mob.radius,0.0,,
General-342-20260805-15:28:35-69325,config,,,*.terminal[31].mob.centerLatitude,51.481,,
General-342-20260805-15:28:35-69325,config,,,*.terminal[31].mob.centerLongitude,-3.179,,
General-342-20260805-15:28:35-69325,config,,,*.terminal[32].mob.radius,0.0,,
General-342-20260805-15:28:35-69325,config,,,*.terminal[32].mob.centerLatitude,53.349,,
General-342-20260805-15:28:35-69325,config,,,*.terminal[32].mob.centerLongitude,-6.260,,
General-342-20260805-15:28:35-69325,config,,,*.terminal[33].mob.radius,0.0,,
General-342-20260805-15:28:35-69325,config,,,*.terminal[33].mob.centerLatitude,45.764,,
General-342-20260805-15:28:35-69325,config,,,*.terminal[33].mob.centerLongitude,4.835,,
General-342-20260805-15:28:35-69325,config,,,*.terminal[34].mob.radius,0.0,,
General-342-20260805-15:28:35-69325,config,,,*.terminal[34].mob.centerLatitude,48.573,,
General-342-20260805-15:28:35-69325,config,,,*.terminal[34].mob.centerLongitude,7.752,,
General-342-20260805-15:28:35-69325,config,,,*.terminal[35].mob.radius,0.0,,
General-342-20260805-15:28:35-69325,config,,,*.terminal[35].mob.centerLatitude,44.837,,
General-342-20260805-15:28:35-69325,config,,,*.terminal[35].mob.centerLongitude,-0.579,,
General-342-20260805-15:28:35-69325,config,,,*.terminal[36].mob.radius,0.0,,
General-342-20260805-15:28:35-69325,config,,,*.terminal[36].mob.centerLatitude,41.385,,
General-342-20260805-15:28:35-69325,config,,,*.terminal[36].mob.centerLongitude,2.173,,
General-342-20260805-15:28:35-69325,config,,,*.terminal[37].mob.radius,0.0,,
General-342-20260805-15:28:35-69325,config,,,*.terminal[37].mob.centerLatitude,41.157,,
General-342-20260805-15:28:35-69325,config,,,*.terminal[37].mob.centerLongitude,-8.629,,
General-342-20260805-15:28:35-69325,config,,,*.terminal[38].mob.radius,0.0,,
General-342-20260805-15:28:35-69325,config,,,*.terminal[38].mob.centerLatitude,37.389,,
General-342-20260805-15:28:35-69325,config,,,*.terminal[38].mob.centerLongitude,-5.984,,
General-342-20260805-15:28:35-69325,config,,,*.terminal[39].mob.radius,0.0,,
General-342-20260805-15:28:35-69325,config,,,*.terminal[39].mob.centerLatitude,53.551,,
General-342-20260805-15:28:35-69325,config,,,*.terminal[39].mob.centerLongitude,9.993,,
General-342-20260805-15:28:35-69325,config,,,*.terminal[40].mob.radius,0.0,,
General-342-20260805-15:28:35-69325,config,,,*.terminal[40].mob.centerLatitude,48.135,,
General-342-20260805-15:28:35-69325,config,,,*.terminal[40].mob.centerLongitude,11.582,,
General-342-20260805-15:28:35-69325,config,,,*.terminal[41].mob.radius,0.0,,
General-342-20260805-15:28:35-69325,config,,,*.terminal[41].mob.centerLatitude,50.110,,
General-342-20260805-15:28:35-69325,config,,,*.terminal[41].mob.centerLongitude,8.682,,
General-342-20260805-15:28:35-69325,config,,,*.terminal[42].mob.radius,0.0,,
General-342-20260805-15:28:35-69325,config,,,*.terminal[42].mob.centerLatitude,45.464,,
General-342-20260805-15:28:35-69325,config,,,*.terminal[42].mob.centerLongitude,9.190,,
General-342-20260805-15:28:35-69325,config,,,*.terminal[43].mob.radius,0.0,,
General-342-20260805-15:28:35-69325,config,,,*.terminal[43].mob.centerLatitude,40.851,,
General-342-20260805-15:28:35-69325,config,,,*.terminal[43].mob.centerLongitude,14.268,,
General-342-20260805-15:28:35-69325,config,,,*.terminal[44].mob.radius,0.0,,
General-342-20260805-15:28:35-69325,config,,,*.terminal[44].mob.centerLatitude,51.209,,
General-342-20260805-15:28:35-69325,config,,,*.terminal[44].mob.centerLongitude,3.224,,
General-342-20260805-15:28:35-69325,config,,,*.terminal[45].mob.radius,0.0,,
General-342-20260805-15:28:35-69325,config,,,*.terminal[45].mob.centerLatitude,48.208,,
General-342-20260805-15:28:35-69325,config,,,*.terminal[45].mob.centerLongitude,16.373,,
General-342-20260805-15:28:35-69325,config,,,*.terminal[46].mob.radius,0.0,,
General-342-20260805-15:28:35-69325,config,,,*.terminal[46].mob.centerLatitude,52.229,,
General-342-20260805-15:28:35-69325,config,,,*.terminal[46].mob.centerLongitude,21.012,,
General-342-20260805-15:28:35-69325,config,,,*.terminal[47].mob.radius,0.0,,
General-342-20260805-15:28:35-69325,config,,,*.terminal[47].mob.centerLatitude,59.913,,
General-342-20260805-15:28:35-69325,config,,,*.terminal[47].mob.centerLongitude,10.752,,
General-342-20260805-15:28:35-69325,config,,,*.terminal[48].mob.radius,0.0,,
General-342-20260805-15:28:35-69325,config,,,*.terminal[48].mob.centerLatitude,56.949,,
General-342-20260805-15:28:35-69325,config,,,*.terminal[48].mob.centerLongitude,24.105,,
General-342-20260805-15:28:35-69325,config,,,*.terminal[49].mob.radius,0.0,,
General-342-20260805-15:28:35-69325,config,,,*.terminal[49].mob.centerLatitude,59.437,,
General-342-20260805-15:28:35-69325,config,,,*.terminal[49].mob.centerLongitude,24.753,,
General-342-20260805-15:28:35-69325,config,,,*.terminal[50].mob.radius,0.0,,
General-342-20260805-15:28:35-69325,config,,,*.terminal[50].mob.centerLatitude,50.075,,
General-342-20260805-15:28:35-69325,config,,,*.terminal[50].mob.centerLongitude,14.437,,
General-342-20260805-15:28:35-69325,config,,,*.terminal[51].mob.radius,0.0,,
General-342-20260805-15:28:35-69325,config,,,*.terminal[51].mob.centerLatitude,42.697,,
General-342-20260805-15:28:35-69325,config,,,*.terminal[51].mob.centerLongitude,23.321,,
General-342-20260805-15:28:35-69325,config,,,*.terminal[52].mob.radius,0.0,,
General-342-20260805-15:28:35-69325,config,,,*.terminal[52].mob.centerLatitude,45.815,,
General-342-20260805-15:28:35-69325,config,,,*.terminal[52].mob.centerLongitude,15.981,,
General-342-20260805-15:28:35-69325,config,,,*.terminal[53].mob.radius,0.0,,
General-342-20260805-15:28:35-69325,config,,,*.terminal[53].mob.centerLatitude,40.640,,
General-342-20260805-15:28:35-69325,config,,,*.terminal[53].mob.centerLongitude,22.944,,
General-342-20260805-15:28:35-69325,config,,,*.terminal[54].mob.radius,0.0,,
General-342-20260805-15:28:35-69325,config,,,*.terminal[54].mob.centerLatitude,39.933,,
General-342-20260805-15:28:35-69325,config,,,*.terminal[54].mob.centerLongitude,32.859,,
General-342-20260805-15:28:35-69325,config,,,*.terminal[55].mob.radius,0.0,,
General-342-20260805-15:28:35-69325,config,,,*.terminal[55].mob.centerLatitude,38.419,,
General-342-20260805-15:28:35-69325,config,,,*.terminal[55].mob.centerLongitude,27.128,,
General-342-20260805-15:28:35-69325,config,,,*.terminal[56].mob.radius,0.0,,
General-342-20260805-15:28:35-69325,config,,,*.terminal[56].mob.centerLatitude,35.898,,
General-342-20260805-15:28:35-69325,config,,,*.terminal[56].mob.centerLongitude,14.514,,
General-342-20260805-15:28:35-69325,config,,,*.terminal[57].mob.radius,0.0,,
General-342-20260805-15:28:35-69325,config,,,*.terminal[57].mob.centerLatitude,65.683,,
General-342-20260805-15:28:35-69325,config,,,*.terminal[57].mob.centerLongitude,-18.087,,
General-342-20260805-15:28:35-69325,config,,,*.terminal[58].mob.radius,0.0,,
General-342-20260805-15:28:35-69325,config,,,*.terminal[58].mob.centerLatitude,28.463,,
General-342-20260805-15:28:35-69325,config,,,*.terminal[58].mob.centerLongitude,-16.251,,
General-342-20260805-15:28:35-69325,config,,,*.terminal[59].mob.radius,0.0,,
General-342-20260805-15:28:35-69325,config,,,*.terminal[59].mob.centerLatitude,35.185,,
General-342-20260805-15:28:35-69325,config,,,*.terminal[59].mob.centerLongitude,33.382,,
General-342-20260805-15:28:35-69325,config,,,**.numStations,3,,
General-342-20260805-15:28:35-69325,config,,,**.numStations,3,,
General-342-20260805-15:28:35-69325,config,,,*.station[0].mobility.latitude,55.752,,
General-342-20260805-15:28:35-69325,config,,,*.station[0].mobility.longitude,37.616,,
General-342-20260805-15:28:35-69325,config,,,*.station[0].cityName,"""Moscow""",,
General-342-20260805-15:28:35-69325,config,,,*.station[0].groundStationId,7,,
General-342-20260805-15:28:35-69325,config,,,*.station[0].routerAddr,"""10.0.0.29""",,
General-342-20260805-15:28:35-69325,config,,,*.station[0].serving,"""10.0.0.29""",,
General-342-20260805-15:28:35-69325,config,,,*.station[1].mobility.latitude,28.652,,
General-342-20260805-15:28:35-69325,config,,,*.station[1].mobility.longitude,77.231,,
General-342-20260805-15:28:35-69325,config,,,*.station[1].cityName,"""Delhi""",,
General-342-20260805-15:28:35-69325,config,,,*.station[1].groundStationId,11,,
General-342-20260805-15:28:35-69325,config,,,*.station[1].routerAddr,"""10.0.0.45""",,
General-342-20260805-15:28:35-69325,config,,,*.station[1].serving,"""10.0.0.45""",,
General-342-20260805-15:28:35-69325,config,,,*.station[2].mobility.latitude,25.35,,
General-342-20260805-15:28:35-69325,config,,,*.station[2].mobility.longitude,51.24,,
General-342-20260805-15:28:35-69325,config,,,*.station[2].cityName,"""Katar""",,
General-342-20260805-15:28:35-69325,config,,,*.station[2].groundStationId,19,,
General-342-20260805-15:28:35-69325,config,,,*.station[2].routerAddr,"""10.0.0.77""",,
General-342-20260805-15:28:35-69325,config,,,*.station[2].serving,"""10.0.0.77""",,
General-342-20260805-15:28:35-69325,config,,,*.visualizer.canvasVisualizer.mediumVisualizer.typename,,,
General-342-20260805-15:28:35-69325,config,,,*.visualizer.*.radioVisualizer.displayAntennaLobes,true,,
General-342-20260805-15:28:35-69325,config,,,*.visualizer.*.dataLinkVisualizer.displayLinks,true,,
General-342-20260805-15:28:35-69325,config,,,*.visualizer.*.mobilityVisualizer.displayMovementTrails,true,,
General-342-20260805-15:28:35-69325,config,,,*.visualizer.*.mobilityVisualizer.movementTrailLineWidth,1,,
General-342-20260805-15:28:35-69325,config,,,*.visualizer.*.mobilityVisualizer.trailLength,3000,,
General-342-20260805-15:28:35-69325,config,,,**.ttxStart_max,1s,,
General-342-20260805-15:28:35-69325,config,,,**.ttxIdle_min,10s,,
General-342-20260805-15:28:35-69325,config,,,**.ttxIdle_max,15s,,
General-342-20260805-15:28:35-69325,config,,,**.Ntw,1,,
General-342-20260805-15:28:35-69325,config,,,**.Ntx,5,,
General-342-20260805-15:28:35-69325,config,,,**.ttwDuration,100s,,
General-342-20260805-15:28:35-69325,config,,,output-scalar-file,results/results_florasat_ml_twoBranches/twoBranches-raan-195-th-0.50-General-2.sca,,
General-342-20260805-15:28:35-69325,config,,,output-vector-file,results/results_florasat_ml_twoBranches/twoBranches-raan-195-th-0.50-General-2.vec,,
General-342-20260805-15:28:35-69325,vector,Florasat_Individual_Sats.satellite[0].dlkDSL.mac,VectorTransmitMethod_ReceptionResult,,,"1.54683318472 14.06207804935 16.83567058774 31.70212936368 36.19637277353 36.73404369754 45.80823831623 46.29962863893 50.83778581484 52.85023338455 59.18552220114 116.59789236233 129.09316876208 129.51271258032 130.18974361186 131.87527126124 132.56854212367 139.55497106042 145.91862036398 152.28829377553 153.04993070982 155.87596394043 156.96528876856 165.207933044 166.11072152844 166.92168843716 168.60859624403 170.00870491532 171.03464844245 244.63125845827 246.14291380386 246.36270554331 256.12791961585 259.69572170026 260.45863022206 260.99174346652 261.24338496689 261.44034949917 265.95612517306 268.81064293319 269.90128266662 271.03823083862 271.52018727262 272.5614790683 279.2442161843 279.95877849197 281.82242386662 281.95853982915 282.89984450154 284.32978113511 284.455864669 285.41125046615 286.15410751145 286.27389605194 287.09838444011 287.55778338032 357.49593638739 358.0875370228 358.82664784779 358.96008358261 360.03121547624 360.1045683964 361.47716394642 362.14534871457 362.39764452067 367.92944646597 368.20977504415 368.96898773539 370.47992863426 370.8899226989 372.39133588192 372.42951209031 374.18286460396 375.11435249488 381.27088400036 382.44127892347 384.05983433001 384.98166649782 385.14212036426 386.2387836627 387.10845438664 388.9396692964 390.0713925335 390.19990011671 394.18958359206 394.79600479094 394.8926617075 396.65982872111 397.00273047006 397.33372608962 398.39026602953 399.28197006523 399.69503121639 401.75159380458 405.06935078039 461.43922393181 475.7074810964 483.28920269239 484.008784756 484.0277287844 486.81523768202 486.91577994558 487.36210391128 488.17555162956 490.30796922876 490.45952049995 494.71951286531 494.83105954857 496.66717590316 498.3830114141 500.6351179864 501.13941065608 501.27610261638 503.2149339471 504.79248328473 508.75383212607 512.45637111266 512.79722550198 513.01783108589 588.31882253259 590.38046768321 598.85865336719 599.63564471614 600.49341755331 600.96823783162 603.96370236896 604.43433706992 610.49420572275 614.0775519263 615.50771547825 615.77807859321 619.25742641224 622.16440239217 624.10312081257 625.72805727336 626.27703646211 627.9130091708 633.63941532308 634.0797967931 714.41012638284 721.56757086519 724.79405415024 733.64631739182 734.38200271808 738.5770857801 739.51597576242 744.92403615083 746.13343411768 747.29231336087","14365801 14365802 14366002 14366003 14368704 14365804 14366004 14368705 14365805 14368805 14366005 14371801 14374902 14371802 14374402 14371902 14375002 14371803 14371703 14372204 14371804 14372004 14371904 14371805 14371005 14371705 14373905 14372005 14371905 14380802 14377402 14376902 14380803 14379403 14377403 14380203 14377603 14376103 14378304 14379004 14378004 14380804 14377404 14377704 14377805 14380605 14378005 14377905 14376905 14380905 14376105 14380805 14377705 14379905 14380205 14379405 14383702 14386602 14385902 14385402 14384002 14384102 14387202 14384202 14383302 14383703 14387403 14385403 14387103 14384103 14384403 14386603 14384203 14387203 14387104 14385404 14385904 14387504 14387004 14386604 14383404 14386104 14382904 14383304 14386305 14387105 14386005 14387305 14387005 14384105 14384405 14384205 14386605 14382905 14383305 14393201 14390402 14388303 14393203 14393303 14392303 14391603 14389303 14393503 14391303 14392503 14393104 14393304 14392204 14393604 14391304 14390204 14389304 14390404 14393105 14393305 14393505 14393605 14392305 14396902 14399602 14396903 14399503 14398203 14399603 14396603 14398303 14399504 14395204 14398304 14399604 14395304 14398205 14396205 14396905 14399105 14399605 14396505 14395305 14405603 14402503 14405604 14404304 14402504 14405605 14405305 14405405 14403605 14400605"
General-342-20260805-15:28:35-69325,vector,Florasat_Individual_Sats.satellite[0].dlkDSL.mac,Satellite Position when Repetition Received,,,"1.54683318472 14.06207804935 16.83567058774 31.70212936368 36.19637277353 36.73404369754 45.80823831623 46.29962863893 50.83778581484 52.85023338455 59.18552220114 116.59789236233 129.09316876208 129.51271258032 130.18974361186 131.87527126124 132.56854212367 139.55497106042 145.91862036398 152.28829377553 153.04993070982 155.87596394043 156.96528876856 165.207933044 166.11072152844 166.92168843716 168.60859624403 170.00870491532 171.03464844245 244.63125845827 246.14291380386 246.36270554331 256.12791961585 259.69572170026 260.45863022206 260.99174346652 261.24338496689 261.44034949917 265.95612517306 268.81064293319 269.90128266662 271.03823083862 271.52018727262 272.5614790683 279.2442161843 279.95877849197 281.82242386662 281.95853982915 282.89984450154 284.32978113511 284.455864669 285.41125046615 286.15410751145 286.27389605194 287.09838444011 287.55778338032 357.49593638739 358.0875370228 358.82664784779 358.96008358261 360.03121547624 360.1045683964 361.47716394642 362.14534871457 362.39764452067 367.92944646597 368.20977504415 368.96898773539 370.47992863426 370.8899226989 372.39133588192 372.42951209031 374.18286460396 375.11435249488 381.27088400036 382.44127892347 384.05983433001 384.98166649782 385.14212036426 386.2387836627 387.10845438664 388.9396692964 390.0713925335 390.19990011671 394.18958359206 394.79600479094 394.8926617075 396.65982872111 397.00273047006 397.33372608962 398.39026602953 399.28197006523 399.69503121639 401.75159380458 405.06935078039 461.43922393181 475.7074810964 483.28920269239 484.008784756 484.0277287844 486.81523768202 486.91577994558 487.36210391128 488.17555162956 490.30796922876 490.45952049995 494.71951286531 494.83105954857 496.66717590316 498.3830114141 500.6351179864 501.13941065608 501.27610261638 503.2149339471 504.79248328473 508.75383212607 512.45637111266 512.79722550198 513.01783108589 588.31882253259 590.38046768321 598.85865336719 599.63564471614 600.49341755331 600.96823783162 603.96370236896 604.43433706992 610.49420572275 614.0775519263 615.50771547825 615.77807859321 619.25742641224 622.16440239217 624.10312081257 625.72805727336 626.27703646211 627.9130091708 633.63941532308 634.0797967931 714.41012638284 721.56757086519 724.79405415024 733.64631739182 734.38200271808 738.5770857801 739.51597576242 744.92403615083 746.13343411768 747.29231336087","180 180 180 180 180 180 180 180 180 180 180 180 180 180 180 180 180 180 180 180 180 180 180 180 180 180 180 180 180 180 180 180 180 180 180 180 180 180 180 180 180 180 180 180 180 180 180 180 180 180 180 180 180 180 180 180 180 180 180 180 180 180 180 180 180 180 180 180 180 180 180 180 180 180 180 180 180 180 180 180 180 180 180 180 180 180 180 180 180 180 180 180 180 180 180 180 180 180 180 180 180 180 180 180 180 180 180 180 180 180 180 180 180 180 180 180 180 180 180 180 180 180 180 180 180 180 180 180 180 180 180 180 180 180 180 180 180 180 180 180 180 180 180 180 180 180 180 180 180"
General-342-20260805-15:28:35-69325,vector,Florasat_Individual_Sats.satellite[0].dlkDSL.mac,Repetition Position for Node 358 at Satellite,,,"1.54683318472 14.06207804935 36.73404369754 50.83778581484 116.59789236233 129.51271258032 139.55497106042 153.04993070982 165.207933044 279.2442161843","180 180 180 180 180 180 180 180 180 180"
General-342-20260805-15:28:35-69325,vector,Florasat_Individual_Sats.satellite[0].dlkDSL.mac,All Nodes Repetition Generation Delay at Satellite,,,"1.54683318472 14.06207804935 16.83567058774 31.70212936368 36.19637277353 36.73404369754 45.80823831623 46.29962863893 50.83778581484 52.85023338455 59.18552220114 116.59789236233 129.09316876208 129.51271258032 130.18974361186 131.87527126124 132.56854212367 139.55497106042 145.91862036398 152.28829377553 153.04993070982 155.87596394043 156.96528876856 165.207933044 166.11072152844 166.92168843716 168.60859624403 170.00870491532 171.03464844245 244.63125845827 246.14291380386 246.36270554331 256.12791961585 259.69572170026 260.45863022206 260.99174346652 261.24338496689 261.44034949917 265.95612517306 268.81064293319 269.90128266662 271.03823083862 271.52018727262 272.5614790683 279.2442161843 279.95877849197 281.82242386662 281.95853982915 282.89984450154 284.32978113511 284.455864669 285.41125046615 286.15410751145 286.27389605194 287.09838444011 287.55778338032 357.49593638739 358.0875370228 358.82664784779 358.96008358261 360.03121547624 360.1045683964 361.47716394642 362.14534871457 362.39764452067 367.92944646597 368.20977504415 368.96898773539 370.47992863426 370.8899226989 372.39133588192 372.42951209031 374.18286460396 375.11435249488 381.27088400036 382.44127892347 384.05983433001 384.98166649782 385.14212036426 386.2387836627 387.10845438664 388.9396692964 390.0713925335 390.19990011671 394.18958359206 394.79600479094 394.8926617075 396.65982872111 397.00273047006 397.33372608962 398.39026602953 399.28197006523 399.69503121639 401.75159380458 405.06935078039 461.43922393181 475.7074810964 483.28920269239 484.008784756 484.0277287844 486.81523768202 486.91577994558 487.36210391128 488.17555162956 490.30796922876 490.45952049995 494.71951286531 494.83105954857 496.66717590316 498.3830114141 500.6351179864 501.13941065608 501.27610261638 503.2149339471 504.79248328473 508.75383212607 512.45637111266 512.79722550198 513.01783108589 588.31882253259 590.38046768321 598.85865336719 599.63564471614 600.49341755331 600.96823783162 603.96370236896 604.43433706992 610.49420572275 614.0775519263 615.50771547825 615.77807859321 619.25742641224 622.16440239217 624.10312081257 625.72805727336 626.27703646211 627.9130091708 633.63941532308 634.0797967931 714.41012638284 721.56757086519 724.79405415024 733.64631739182 734.38200271808 738.5770857801 739.51597576242 744.92403615083 746.13343411768 747.29231336087","0.54683318472 13.06207804935 15.83567058774 30.70212936368 35.19637277353 35.73404369754 44.80823831623 45.29962863893 49.83778581484 51.85023338455 58.18552220114 0.59789236232999 13.09316876208 13.51271258032 14.18974361186 15.87527126124 16.56854212367 23.55497106042 29.91862036398 36.28829377553 37.04993070982 39.87596394043 40.96528876856 49.207933044 50.11072152844 50.92168843716 52.60859624403 54.00870491532 55.03464844245 13.63125845827 15.14291380386 15.36270554331 25.12791961585 28.69572170026 29.45863022206 29.99174346652 30.24338496689 30.44034949917 34.95612517306 37.81064293319 38.90128266662 40.03823083862 40.52018727262 41.5614790683 48.2442161843 48.95877849197 50.82242386662 50.95853982915 51.89984450154 53.32978113511 53.455864669 54.41125046615 55.15410751145 55.27389605194 56.09838444011 56.55778338032 11.49593638739 12.0875370228 12.82664784779 12.96008358261 14.03121547624 14.1045683964 15.47716394642 16.14534871457 16.39764452067 21.92944646597 22.20977504415 22.96898773539 24.47992863426 24.8899226989 26.39133588192 26.42951209031 28.18286460396 29.11435249488 35.27088400036 36.44127892347 38.05983433001 38.98166649782 39.14212036426 40.2387836627 41.10845438664 42.9396692964 44.0713925335 44.19990011671 48.18958359206 48.79600479094 48.8926617075 50.65982872111 51.00273047006 51.33372608962 52.39026602953 53.28197006523 53.69503121639 55.75159380458 59.06935078039 0.43922393180998 14.7074810964 22.28920269239 23.008784756 23.0277287844 25.81523768202 25.91577994558 26.36210391128 27.17555162956 29.30796922876 29.45952049995 33.71951286531 33.83105954857 35.66717590316 37.3830114141 39.6351179864 40.13941065608 40.27610261638 42.2149339471 43.79248328473 47.75383212607 51.45637111266 51.79722550198 52.01783108589 12.31882253259 14.38046768321 22.85865336719 23.63564471614 24.49341755331 24.96823783162 27.96370236896 28.43433706992 34.49420572275 38.0775519263 39.50771547825 39.77807859321 43.25742641224 46.16440239217 48.10312081257 49.72805727336 50.27703646211 51.9130091708 57.63941532308 58.0797967931 23.41012638284 30.56757086519 33.79405415024 42.64631739182 43.38200271808 47.5770857801 48.51597576242 53.92403615083 55.13343411768 56.29231336087"
General-342-20260805-15:28:35-69325,vector,Florasat_Individual_Sats.satellite[0].dlkDSL.mac,Repetition Generation Delay for Node 358 at Satellite,,,"1.54683318472 14.06207804935 36.73404369754 50.83778581484 116.59789236233 129.51271258032 139.55497106042 153.04993070982 165.207933044 279.2442161843","0.54683318472 13.06207804935 35.73404369754 49.83778581484 0.59789236232999 13.51271258032 23.55497106042 37.04993070982 49.207933044 48.2442161843"
General-342-20260805-15:28:35-69325,vector,Florasat_Individual_Sats.satellite[0].dlkDSL.mac,Successful Repetition Number counted for MAC protocol,,,"1.54683318472 16.83567058774 36.19637277353 52.85023338455 116.59789236233 129.09316876208 130.18974361186 131.87527126124 132.56854212367 145.91862036398 152.28829377553 155.87596394043 166.11072152844 168.60859624403 244.63125845827 246.14291380386 246.36270554331 259.69572170026 260.99174346652 261.24338496689 261.44034949917 265.95612517306 268.81064293319 269.90128266662 272.5614790683 279.2442161843 279.95877849197 281.95853982915 284.32978113511 286.27389605194 357.49593638739 358.0875370228 358.82664784779 358.96008358261 360.03121547624 360.1045683964 361.47716394642 362.14534871457 362.39764452067 368.20977504415 370.47992863426 372.39133588192 384.98166649782 385.14212036426 387.10845438664 388.9396692964 390.0713925335 394.18958359206 394.8926617075 396.65982872111 461.43922393181 475.7074810964 483.28920269239 484.0277287844 486.81523768202 486.91577994558 487.36210391128 488.17555162956 490.30796922876 490.45952049995 494.71951286531 496.66717590316 498.3830114141 501.13941065608 588.31882253259 590.38046768321 599.63564471614 600.49341755331 603.96370236896 604.43433706992 614.0775519263 619.25742641224 624.10312081257 626.27703646211 633.63941532308 714.41012638284 721.56757086519 733.64631739182 739.51597576242 744.92403615083 746.13343411768 747.29231336087","1 2 4 5 1 2 2 2 2 3 4 4 5 5 2 2 2 3 3 3 3 4 4 4 4 5 5 5 5 5 2 2 2 2 2 2 2 2 2 3 3 3 4 4 4 4 4 5 5 5 1 2 3 3 3 3 3 3 3 3 4 4 4 4 2 2 3 3 3 3 4 4 5 5 5 3 3 4 5 5 5 5"
General-342-20260805-15:28:35-69325,vector,Florasat_Individual_Sats.satellite[0].dlkDSL.mac,Successful Repetition Number counted for the Model,,,"1.54683318472 16.83567058774 36.19637277353 52.85023338455 116.59789236233 129.09316876208 130.18974361186 131.87527126124 132.56854212367 145.91862036398 152.28829377553 155.87596394043 166.11072152844 168.60859624403 244.63125845827 246.14291380386 246.36270554331 259.69572170026 260.99174346652 261.24338496689 261.44034949917 265.95612517306 268.81064293319 269.90128266662 272.5614790683 279.2442161843 279.95877849197 281.95853982915 284.32978113511 286.27389605194 357.49593638739 358.0875370228 358.82664784779 358.96008358261 360.03121547624 360.1045683964 361.47716394642 362.14534871457 362.39764452067 368.20977504415 370.47992863426 372.39133588192 384.98166649782 385.14212036426 387.10845438664 388.9396692964 390.0713925335 394.18958359206 394.8926617075 396.65982872111 461.43922393181 475.7074810964 483.28920269239 484.0277287844 486.81523768202 486.91577994558 487.36210391128 488.17555162956 490.30796922876 490.45952049995 494.71951286531 496.66717590316 498.3830114141 501.13941065608 588.31882253259 590.38046768321 599.63564471614 600.49341755331 603.96370236896 604.43433706992 614.0775519263 619.25742641224 624.10312081257 626.27703646211 633.63941532308 714.41012638284 721.56757086519 733.64631739182 739.51597576242 744.92403615083 746.13343411768 747.29231336087","1 2 2 5 1 2 1 2 1 2 2 4 2 4 2 2 2 3 1 2 1 3 3 4 4 5 5 5 5 5 2 2 2 2 2 2 2 2 2 2 2 3 2 4 3 4 4 4 4 5 1 2 2 3 3 2 3 3 3 3 4 4 4 4 2 2 3 3 3 3 4 4 4 5 5 3 3 4 5 4 4 2"
General-342-20260805-15:28:35-69325,vector,Florasat_Individual_Sats.satellite[0].dlkDSL.mac,All Nodes Message Generation Delay at Satellite,,,"1.54683318472 16.83567058774 36.19637277353 52.85023338455 116.59789236233 129.09316876208 130.18974361186 131.87527126124 132.56854212367 145.91862036398 152.28829377553 155.87596394043 166.11072152844 168.60859624403 244.63125845827 246.14291380386 246.36270554331 259.69572170026 260.99174346652 261.24338496689 261.44034949917 265.95612517306 268.81064293319 269.90128266662 272.5614790683 279.2442161843 279.95877849197 281.95853982915 284.32978113511 286.27389605194 357.49593638739 358.0875370228 358.82664784779 358.96008358261 360.03121547624 360.1045683964 361.47716394642 362.14534871457 362.39764452067 368.20977504415 370.47992863426 372.39133588192 384.98166649782 385.14212036426 387.10845438664 388.9396692964 390.0713925335 394.18958359206 394.8926617075 396.65982872111 461.43922393181 475.7074810964 483.28920269239 484.0277287844 486.81523768202 486.91577994558 487.36210391128 488.17555162956 490.30796922876 490.45952049995 494.71951286531 496.66717590316 498.3830114141 501.13941065608 588.31882253259 590.38046768321 599.63564471614 600.49341755331 603.96370236896 604.43433706992 614.0775519263 619.25742641224 624.10312081257 626.27703646211 633.63941532308 714.41012638284 721.56757086519 733.64631739182 739.51597576242 744.92403615083 746.13343411768 747.29231336087","0.54683318472 15.83567058774 35.19637277353 51.85023338455 0.59789236232999 13.09316876208 14.18974361186 15.87527126124 16.56854212367 29.91862036398 36.28829377553 39.87596394043 50.11072152844 52.60859624403 13.63125845827 15.14291380386 15.36270554331 28.69572170026 29.99174346652 30.24338496689 30.44034949917 34.95612517306 37.81064293319 38.90128266662 41.5614790683 48.2442161843 48.95877849197 50.95853982915 53.32978113511 55.27389605194 11.49593638739 12.0875370228 12.82664784779 12.96008358261 14.03121547624 14.1045683964 15.47716394642 16.14534871457 16.39764452067 22.20977504415 24.47992863426 26.39133588192 38.98166649782 39.14212036426 41.10845438664 42.9396692964 44.0713925335 48.18958359206 48.8926617075 50.65982872111 0.43922393180998 14.7074810964 22.28920269239 23.0277287844 25.81523768202 25.91577994558 26.36210391128 27.17555162956 29.30796922876 29.45952049995 33.71951286531 35.66717590316 37.3830114141 40.13941065608 12.31882253259 14.38046768321 23.63564471614 24.49341755331 27.96370236896 28.43433706992 38.0775519263 43.25742641224 48.10312081257 50.27703646211 57.63941532308 23.41012638284 30.56757086519 42.64631739182 48.51597576242 53.92403615083 55.13343411768 56.29231336087"
General-342-20260805-15:28:35-69325,vector,Florasat_Individual_Sats.satellite[0].dlkDSL.mac,Message Generation Delay for Node 358 at Satellite,,,"1.54683318472 116.59789236233 279.2442161843","0.54683318472 0.59789236232999 48.2442161843"
General-342-20260805-15:28:35-69325,vector,Florasat_Individual_Sats.satellite[0].net.packetHandler,packets received,,,"1.54683318472 14.06207804935 16.83567058774 31.70212936368 36.19637277353 36.73404369754 45.80823831623 46.29962863893 50.83778581484 52.85023338455 59.18552220114 116.59789236233 129.09316876208 129.51271258032 130.18974361186 131.87527126124 132.56854212367 139.55497106042 145.91862036398 152.28829377553 153.04993070982 155.87596394043 156.96528876856 165.207933044 166.11072152844 166.92168843716 168.60859624403 170.00870491532 171.03464844245 244.63125845827 246.14291380386 246.36270554331 256.12791961585 259.69572170026 260.45863022206 260.99174346652 261.24338496689 261.44034949917 265.95612517306 268.81064293319 269.90128266662 271.03823083862 271.52018727262 272.5614790683 279.2442161843 279.95877849197 281.82242386662 281.95853982915 282.89984450154 284.32978113511 284.455864669 285.41125046615 286.15410751145 286.27389605194 287.09838444011 287.55778338032 357.49593638739 358.0875370228 358.82664784779 358.96008358261 360.03121547624 360.1045683964 361.47716394642 362.14534871457 362.39764452067 367.92944646597 368.20977504415 368.96898773539 370.47992863426 370.8899226989 372.39133588192 372.42951209031 374.18286460396 375.11435249488 381.27088400036 382.44127892347 384.05983433001 384.98166649782 385.14212036426 386.2387836627 387.10845438664 388.9396692964 390.0713925335 390.19990011671 394.18958359206 394.79600479094 394.8926617075 396.65982872111 397.00273047006 397.33372608962 398.39026602953 399.28197006523 399.69503121639 401.75159380458 405.06935078039 461.43922393181 475.7074810964 483.28920269239 484.008784756 484.0277287844 486.81523768202 486.91577994558 487.36210391128 488.17555162956 490.30796922876 490.45952049995 494.71951286531 494.83105954857 496.66717590316 498.3830114141 500.6351179864 501.13941065608 501.27610261638 503.2149339471 504.79248328473 508.75383212607 512.45637111266 512.79722550198 513.01783108589 588.31882253259 590.38046768321 598.85865336719 599.63564471614 600.49341755331 600.96823783162 603.96370236896 604.43433706992 610.49420572275 614.0775519263 615.50771547825 615.77807859321 619.25742641224 622.16440239217 624.10312081257 625.72805727336 626.27703646211 627.9130091708 633.63941532308 634.0797967931 714.41012638284 721.56757086519 724.79405415024 733.64631739182 734.38200271808 738.5770857801 739.51597576242 744.92403615083 746.13343411768 747.29231336087","1 2 3 4 5 6 7 8 9 10 11 12 13 14 15 16 17 18 19 20 21 22 23 24 25 26 27 28 29 30 31 32 33 34 35 36 37 38 39 40 41 42 43 44 45 46 47 48 49 50 51 52 53 54 55 56 57 58 59 60 61 62 63 64 65 66 67 68 69 70 71 72 73 74 75 76 77 78 79 80 81 82 83 84 85 86 87 88 89 90 91 92 93 94 95 96 97 98 99 100 101 102 103 104 105 106 107 108 109 110 111 112 113 114 115 116 117 118 119 120 121 122 123 124 125 126 127 128 129 130 131 132 133 134 135 136 137 138 139 140 141 142 143 144 145 146 147 148 149"
General-342-20260805-15:28:35-69325,vector,Florasat_Individual_Sats.satellite[0].net.packetHandler,dropped unroutable,,,"1.54683318472 14.06207804935 16.83567058774 31.70212936368 36.19637277353 36.73404369754 45.80823831623 46.29962863893 50.83778581484 52.85023338455 59.18552220114 116.59789236233 129.09316876208 129.51271258032 130.18974361186 131.87527126124 132.56854212367 139.55497106042 145.91862036398 152.28829377553 153.04993070982 155.87596394043 156.96528876856 165.207933044 166.11072152844 166.92168843716 168.60859624403 170.00870491532 171.03464844245 244.63125845827 246.14291380386 246.36270554331 256.12791961585 259.69572170026 260.45863022206 260.99174346652 261.24338496689 261.44034949917 265.95612517306 268.81064293319 269.90128266662 271.03823083862 271.52018727262 272.5614790683 279.2442161843 279.95877849197 281.82242386662 281.95853982915 282.89984450154 284.32978113511 284.455864669 285.41125046615 286.15410751145 286.27389605194 287.09838444011 287.55778338032 357.49593638739 358.0875370228 358.82664784779 358.96008358261 360.03121547624 360.1045683964 361.47716394642 362.14534871457 362.39764452067 367.92944646597 368.20977504415 368.96898773539 370.47992863426 370.8899226989 372.39133588192 372.42951209031 374.18286460396 375.11435249488 381.27088400036 382.44127892347 384.05983433001 384.98166649782 385.14212036426 386.2387836627 387.10845438664 388.9396692964 390.0713925335 390.19990011671 394.18958359206 394.79600479094 394.8926617075 396.65982872111 397.00273047006 397.33372608962 398.39026602953 399.28197006523 399.69503121639 401.75159380458 405.06935078039 461.43922393181 475.7074810964 483.28920269239 484.008784756 484.0277287844 486.81523768202 486.91577994558 487.36210391128 488.17555162956 490.30796922876 490.45952049995 494.71951286531 494.83105954857 496.66717590316 498.3830114141 500.6351179864 501.13941065608 501.27610261638 503.2149339471 504.79248328473 508.75383212607 512.45637111266 512.79722550198 513.01783108589 588.31882253259 590.38046768321 598.85865336719 599.63564471614 600.49341755331 600.96823783162 603.96370236896 604.43433706992 610.49420572275 614.0775519263 615.50771547825 615.77807859321 619.25742641224 622.16440239217 624.10312081257 625.72805727336 626.27703646211 627.9130091708 633.63941532308 634.0797967931 714.41012638284 721.56757086519 724.79405415024 733.64631739182 734.38200271808 738.5770857801 739.51597576242 744.92403615083 746.13343411768 747.29231336087","1 2 3 4 5 6 7 8 9 10 11 12 13 14 15 16 17 18 19 20 21 22 23 24 25 26 27 28 29 30 31 32 33 34 35 36 37 38 39 40 41 42 43 44 45 46 47 48 49 50 51 52 53 54 55 56 57 58 59 60 61 62 63 64 65 66 67 68 69 70 71 72 73 74 75 76 77 78 79 80 81 82 83 84 85 86 87 88 89 90 91 92 93 94 95 96 97 98 99 100 101 102 103 104 105 106 107 108 109 110 111 112 113 114 115 116 117 118 119 120 121 122 123 124 125 126 127 128 129 130 131 132 133 134 135 136 137 138 139 140 141 142 143 144 145 146 147 148 149"
General-342-20260805-15:28:35-69325,vector,Florasat_Individual_Sats.satellite[0].net.packetHandler,packets dropped,,,"1.54683318472 14.06207804935 16.83567058774 31.70212936368 36.19637277353 36.73404369754 45.80823831623 46.29962863893 50.83778581484 52.85023338455 59.18552220114 116.59789236233 129.09316876208 129.51271258032 130.18974361186 131.87527126124 132.56854212367 139.55497106042 145.91862036398 152.28829377553 153.04993070982 155.87596394043 156.96528876856 165.207933044 166.11072152844 166.92168843716 168.60859624403 170.00870491532 171.03464844245 244.63125845827 246.14291380386 246.36270554331 256.12791961585 259.69572170026 260.45863022206 260.99174346652 261.24338496689 261.44034949917 265.95612517306 268.81064293319 269.90128266662 271.03823083862 271.52018727262 272.5614790683 279.2442161843 279.95877849197 281.82242386662 281.95853982915 282.89984450154 284.32978113511 284.455864669 285.41125046615 286.15410751145 286.27389605194 287.09838444011 287.55778338032 357.49593638739 358.0875370228 358.82664784779 358.96008358261 360.03121547624 360.1045683964 361.47716394642 362.14534871457 362.39764452067 367.92944646597 368.20977504415 368.96898773539 370.47992863426 370.8899226989 372.39133588192 372.42951209031 374.18286460396 375.11435249488 381.27088400036 382.44127892347 384.05983433001 384.98166649782 385.14212036426 386.2387836627 387.10845438664 388.9396692964 390.0713925335 390.19990011671 394.18958359206 394.79600479094 394.8926617075 396.65982872111 397.00273047006 397.33372608962 398.39026602953 399.28197006523 399.69503121639 401.75159380458 405.06935078039 461.43922393181 475.7074810964 483.28920269239 484.008784756 484.0277287844 486.81523768202 486.91577994558 487.36210391128 488.17555162956 490.30796922876 490.45952049995 494.71951286531 494.83105954857 496.66717590316 498.3830114141 500.6351179864 501.13941065608 501.27610261638 503.2149339471 504.79248328473 508.75383212607 512.45637111266 512.79722550198 513.01783108589 588.31882253259 590.38046768321 598.85865336719 599.63564471614 600.49341755331 600.96823783162 603.96370236896 604.43433706992 610.49420572275 614.0775519263 615.50771547825 615.77807859321 619.25742641224 622.16440239217 624.10312081257 625.72805727336 626.27703646211 627.9130091708 633.63941532308 634.0797967931 714.41012638284 721.56757086519 724.79405415024 733.64631739182 734.38200271808 738.5770857801 739.51597576242 744.92403615083 746.13343411768 747.29231336087","1 2 3 4 5 6 7 8 9 10 11 12 13 14 15 16 17 18 19 20 21 22 23 24 25 26 27 28 29 30 31 32 33 34 35 36 37 38 39 40 41 42 43 44 45 46 47 48 49 50 51 52 53 54 55 56 57 58 59 60 61 62 63 64 65 66 67 68 69 70 71 72 73 74 75 76 77 78 79 80 81 82 83 84 85 86 87 88 89 90 91 92 93 94 95 96 97 98 99 100 101 102 103 104 105 106 107 108 109 110 111 112 113 114 115 116 117 118 119 120 121 122 123 124 125 126 127 128 129 130 131 132 133 134 135 136 137 138 139 140 141 142 143 144 145 146 147 148 149"
General-342-20260805-15:28:35-69325,vector,Florasat_Individual_Sats.satellite[0].dlkDSL.mac,Repetition Position for Node 388 at Satellite,,,"16.83567058774 31.70212936368 45.80823831623 59.18552220114 155.87596394043 170.00870491532 269.90128266662 281.82242386662 360.03121547624","180 180 180 180 180 180 180 180 180"
General-342-20260805-15:28:35-69325,vector,Florasat_Individual_Sats.satellite[0].dlkDSL.mac,Repetition Generation Delay for Node 388 at Satellite,,,"16.83567058774 31.70212936368 45.80823831623 59.18552220114 155.87596394043 170.00870491532 269.90128266662 281.82242386662 360.03121547624","15.83567058774 30.70212936368 44.80823831623 58.18552220114 39.87596394043 54.00870491532 38.90128266662 50.82242386662 14.03121547624"
General-342-20260805-15:28:35-69325,vector,Florasat_Individual_Sats.satellite[0].dlkDSL.mac,Message Generation Delay for Node 388 at Satellite,,,"16.83567058774 155.87596394043 269.90128266662 360.03121547624","15.83567058774 39.87596394043 38.90128266662 14.03121547624"
General-342-20260805-15:28:35-69325,vector,Florasat_Individual_Sats.satellite[0].dlkDSL.mac,Repetition Position for Node 793 at Satellite,,,"36.19637277353 46.29962863893","180 180"
General-342-20260805-15:28:35-69325,vector,Florasat_Individual_Sats.satellite[0].dlkDSL.mac,Repetition Generation Delay for Node 793 at Satellite,,,"36.19637277353 46.29962863893","35.19637277353 45.29962863893"
General-342-20260805-15:28:35-69325,vector,Florasat_Individual_Sats.satellite[0].dlkDSL.mac,Message Generation Delay for Node 793 at Satellite,,,"36.19637277353","35.19637277353"
General-342-20260805-15:28:35-69325,vector,Florasat_Individual_Sats.satellite[0].dlkDSL.mac,Repetition Position for Node 808 at Satellite,,,"52.85023338455 244.63125845827 256.12791961585 271.03823083862 285.41125046615","180 180 180 180 180"
General-342-20260805-15:28:35-69325,vector,Florasat_Individual_Sats.satellite[0].dlkDSL.mac,Repetition Generation Delay for Node 808 at Satellite,,,"52.85023338455 244.63125845827 256.12791961585 271.03823083862 285.41125046615","51.85023338455 13.63125845827 25.12791961585 40.03823083862 54.41125046615"
General-342-20260805-15:28:35-69325,vector,Florasat_Individual_Sats.satellite[0].dlkDSL.mac,Message Generation Delay for Node 808 at Satellite,,,"52.85023338455 244.63125845827","51.85023338455 13.63125845827"
General-342-20260805-15:28:35-69325,vector,Florasat_Individual_Sats.satellite[0].dlkDSL.mac,Repetition Position for Node 823 at Satellite,,,"129.09316876208 284.32978113511","180 180"
General-342-20260805-15:28:35-69325,vector,Florasat_Individual_Sats.satellite[0].dlkDSL.mac,Repetition Generation Delay for Node 823 at Satellite,,,"129.09316876208 284.32978113511","13.09316876208 53.32978113511"
General-342-20260805-15:28:35-69325,vector,Florasat_Individual_Sats.satellite[0].dlkDSL.mac,Message Generation Delay for Node 823 at Satellite,,,"129.09316876208 284.32978113511","13.09316876208 53.32978113511"
General-342-20260805-15:28:35-69325,vector,Florasat_Individual_Sats.satellite[0].dlkDSL.mac,Repetition Position for Node 748 at Satellite,,,"130.18974361186","180"
General-342-20260805-15:28:35-69325,vector,Florasat_Individual_Sats.satellite[0].dlkDSL.mac,Repetition Generation Delay for Node 748 at Satellite,,,"130.18974361186","14.18974361186"
General-342-20260805-15:28:35-69325,vector,Florasat_Individual_Sats.satellite[0].dlkDSL.mac,Message Generation Delay for Node 748 at Satellite,,,"130.18974361186","14.18974361186"
General-342-20260805-15:28:35-69325,vector,Florasat_Individual_Sats.satellite[0].dlkDSL.mac,Repetition Position for Node 373 at Satellite,,,"131.87527126124 156.96528876856 171.03464844245 281.95853982915","180 180 180 180"
General-342-20260805-15:28:35-69325,vector,Florasat_Individual_Sats.satellite[0].dlkDSL.mac,Repetition Generation Delay for Node 373 at Satellite,,,"131.87527126124 156.96528876856 171.03464844245 281.95853982915","15.87527126124 40.96528876856 55.03464844245 50.95853982915"
General-342-20260805-15:28:35-69325,vector,Florasat_Individual_Sats.satellite[0].dlkDSL.mac,Message Generation Delay for Node 373 at Satellite,,,"131.87527126124 281.95853982915","15.87527126124 50.95853982915"
General-342-20260805-15:28:35-69325,vector,Florasat_Individual_Sats.satellite[0].dlkDSL.mac,Repetition Position for Node 838 at Satellite,,,"132.56854212367 385.14212036426 397.00273047006","180 180 180"
General-342-20260805-15:28:35-69325,vector,Florasat_Individual_Sats.satellite[0].dlkDSL.mac,Repetition Generation Delay for Node 838 at Satellite,,,"132.56854212367 385.14212036426 397.00273047006","16.56854212367 39.14212036426 51.00273047006"
General-342-20260805-15:28:35-69325,vector,Florasat_Individual_Sats.satellite[0].dlkDSL.mac,Message Generation Delay for Node 838 at Satellite,,,"132.56854212367 385.14212036426","16.56854212367 39.14212036426"
General-342-20260805-15:28:35-69325,vector,Florasat_Individual_Sats.satellite[0].dlkDSL.mac,Repetition Position for Node 343 at Satellite,,,"145.91862036398 166.92168843716 272.5614790683 286.15410751145 357.49593638739 367.92944646597","180 180 180 180 180 180"
General-342-20260805-15:28:35-69325,vector,Florasat_Individual_Sats.satellite[0].dlkDSL.mac,Repetition Generation Delay for Node 343 at Satellite,,,"145.91862036398 166.92168843716 272.5614790683 286.15410751145 357.49593638739 367.92944646597","29.91862036398 50.92168843716 41.5614790683 55.15410751145 11.49593638739 21.92944646597"
General-342-20260805-15:28:35-69325,vector,Florasat_Individual_Sats.satellite[0].dlkDSL.mac,Message Generation Delay for Node 343 at Satellite,,,"145.91862036398 272.5614790683 357.49593638739","29.91862036398 41.5614790683 11.49593638739"
General-342-20260805-15:28:35-69325,vector,Florasat_Individual_Sats.satellite[0].dlkDSL.mac,Repetition Position for Node 418 at Satellite,,,"152.28829377553 362.14534871457 374.18286460396 399.28197006523 501.13941065608 624.10312081257","180 180 180 180 180 180"
General-342-20260805-15:28:35-69325,vector,Florasat_Individual_Sats.satellite[0].dlkDSL.mac,Repetition Generation Delay for Node 418 at Satellite,,,"152.28829377553 362.14534871457 374.18286460396 399.28197006523 501.13941065608 624.10312081257","36.28829377553 16.14534871457 28.18286460396 53.28197006523 40.13941065608 48.10312081257"
General-342-20260805-15:28:35-69325,vector,Florasat_Individual_Sats.satellite[0].dlkDSL.mac,Message Generation Delay for Node 418 at Satellite,,,"152.28829377553 362.14534871457 501.13941065608 624.10312081257","36.28829377553 16.14534871457 40.13941065608 48.10312081257"
General-342-20260805-15:28:35-69325,vector,Florasat_Individual_Sats.satellite[0].dlkDSL.mac,Repetition Position for Node 238 at Satellite,,,"166.11072152844","180"
General-342-20260805-15:28:35-69325,vector,Florasat_Individual_Sats.satellite[0].dlkDSL.mac,Repetition Generation Delay for Node 238 at Satellite,,,"166.11072152844","50.11072152844"
General-342-20260805-15:28:35-69325,vector,Florasat_Individual_Sats.satellite[0].dlkDSL.mac,Message Generation Delay for Node 238 at Satellite,,,"166.11072152844","50.11072152844"
General-342-20260805-15:28:35-69325,vector,Florasat_Individual_Sats.satellite[0].dlkDSL.mac,Repetition Position for Node 673 at Satellite,,,"168.60859624403 286.27389605194 358.82664784779 384.05983433001","180 180 180 180"
General-342-20260805-15:28:35-69325,vector,Florasat_Individual_Sats.satellite[0].dlkDSL.mac,Repetition Generation Delay for Node 673 at Satellite,,,"168.60859624403 286.27389605194 358.82664784779 384.05983433001","52.60859624403 55.27389605194 12.82664784779 38.05983433001"
General-342-20260805-15:28:35-69325,vector,Florasat_Individual_Sats.satellite[0].dlkDSL.mac,Message Generation Delay for Node 673 at Satellite,,,"168.60859624403 286.27389605194 358.82664784779","52.60859624403 55.27389605194 12.82664784779"
General-342-20260805-15:28:35-69325,vector,Florasat_Individual_Sats.satellite[0].dlkDSL.mac,Repetition Position for Node 298 at Satellite,,,"246.14291380386 260.45863022206 271.52018727262 387.10845438664","180 180 180 180"
General-342-20260805-15:28:35-69325,vector,Florasat_Individual_Sats.satellite[0].dlkDSL.mac,Repetition Generation Delay for Node 298 at Satellite,,,"246.14291380386 260.45863022206 271.52018727262 387.10845438664","15.14291380386 29.45863022206 40.52018727262 41.10845438664"
General-342-20260805-15:28:35-69325,vector,Florasat_Individual_Sats.satellite[0].dlkDSL.mac,Message Generation Delay for Node 298 at Satellite,,,"246.14291380386 387.10845438664","15.14291380386 41.10845438664"
General-342-20260805-15:28:35-69325,vector,Florasat_Individual_Sats.satellite[0].dlkDSL.mac,Repetition Position for Node 223 at Satellite,,,"246.36270554331 282.89984450154 390.0713925335 401.75159380458","180 180 180 180"
General-342-20260805-15:28:35-69325,vector,Florasat_Individual_Sats.satellite[0].dlkDSL.mac,Repetition Generation Delay for Node 223 at Satellite,,,"246.36270554331 282.89984450154 390.0713925335 401.75159380458","15.36270554331 51.89984450154 44.0713925335 55.75159380458"
General-342-20260805-15:28:35-69325,vector,Florasat_Individual_Sats.satellite[0].dlkDSL.mac,Message Generation Delay for Node 223 at Satellite,,,"246.36270554331 390.0713925335","15.36270554331 44.0713925335"
General-342-20260805-15:28:35-69325,vector,Florasat_Individual_Sats.satellite[0].dlkDSL.mac,Repetition Position for Node 598 at Satellite,,,"259.69572170026 287.55778338032 358.96008358261 368.96898773539 382.44127892347","180 180 180 180 180"
General-342-20260805-15:28:35-69325,vector,Florasat_Individual_Sats.satellite[0].dlkDSL.mac,Repetition Generation Delay for Node 598 at Satellite,,,"259.69572170026 287.55778338032 358.96008358261 368.96898773539 382.44127892347","28.69572170026 56.55778338032 12.96008358261 22.96898773539 36.44127892347"
General-342-20260805-15:28:35-69325,vector,Florasat_Individual_Sats.satellite[0].dlkDSL.mac,Message Generation Delay for Node 598 at Satellite,,,"259.69572170026 358.96008358261","28.69572170026 12.96008358261"
General-342-20260805-15:28:35-69325,vector,Florasat_Individual_Sats.satellite[0].dlkDSL.mac,Repetition Position for Node 718 at Satellite,,,"260.99174346652 287.09838444011 496.66717590316 600.49341755331 622.16440239217","180 180 180 180 180"
General-342-20260805-15:28:35-69325,vector,Florasat_Individual_Sats.satellite[0].dlkDSL.mac,Repetition Generation Delay for Node 718 at Satellite,,,"260.99174346652 287.09838444011 496.66717590316 600.49341755331 622.16440239217","29.99174346652 56.09838444011 35.66717590316 24.49341755331 46.16440239217"
General-342-20260805-15:28:35-69325,vector,Florasat_Individual_Sats.satellite[0].dlkDSL.mac,Message Generation Delay for Node 718 at Satellite,,,"260.99174346652 496.66717590316 600.49341755331","29.99174346652 35.66717590316 24.49341755331"
General-342-20260805-15:28:35-69325,vector,Florasat_Individual_Sats.satellite[0].dlkDSL.mac,Repetition Position for Node 328 at Satellite,,,"261.24338496689","180"
General-342-20260805-15:28:35-69325,vector,Florasat_Individual_Sats.satellite[0].dlkDSL.mac,Repetition Generation Delay for Node 328 at Satellite,,,"261.24338496689","30.24338496689"
General-342-20260805-15:28:35-69325,vector,Florasat_Individual_Sats.satellite[0].dlkDSL.mac,Message Generation Delay for Node 328 at Satellite,,,"261.24338496689","30.24338496689"
General-342-20260805-15:28:35-69325,vector,Florasat_Individual_Sats.satellite[0].dlkDSL.mac,Repetition Position for Node 103 at Satellite,,,"261.44034949917 284.455864669","180 180"
General-342-20260805-15:28:35-69325,vector,Florasat_Individual_Sats.satellite[0].dlkDSL.mac,Repetition Generation Delay for Node 103 at Satellite,,,"261.44034949917 284.455864669","30.44034949917 53.455864669"
General-342-20260805-15:28:35-69325,vector,Florasat_Individual_Sats.satellite[0].dlkDSL.mac,Message Generation Delay for Node 103 at Satellite,,,"261.44034949917","30.44034949917"
General-342-20260805-15:28:35-69325,vector,Florasat_Individual_Sats.satellite[0].dlkDSL.mac,Repetition Position for Node 433 at Satellite,,,"265.95612517306","180"
General-342-20260805-15:28:35-69325,vector,Florasat_Individual_Sats.satellite[0].dlkDSL.mac,Repetition Generation Delay for Node 433 at Satellite,,,"265.95612517306","34.95612517306"
General-342-20260805-15:28:35-69325,vector,Florasat_Individual_Sats.satellite[0].dlkDSL.mac,Message Generation Delay for Node 433 at Satellite,,,"265.95612517306","34.95612517306"
General-342-20260805-15:28:35-69325,vector,Florasat_Individual_Sats.satellite[0].dlkDSL.mac,Repetition Position for Node 538 at Satellite,,,"268.81064293319","180"
General-342-20260805-15:28:35-69325,vector,Florasat_Individual_Sats.satellite[0].dlkDSL.mac,Repetition Generation Delay for Node 538 at Satellite,,,"268.81064293319","37.81064293319"
General-342-20260805-15:28:35-69325,vector,Florasat_Individual_Sats.satellite[0].dlkDSL.mac,Message Generation Delay for Node 538 at Satellite,,,"268.81064293319","37.81064293319"
General-342-20260805-15:28:35-69325,vector,Florasat_Individual_Sats.satellite[0].dlkDSL.mac,Repetition Position for Node 778 at Satellite,,,"279.95877849197 358.0875370228 372.42951209031 386.2387836627 399.69503121639","180 180 180 180 180"
General-342-20260805-15:28:35-69325,vector,Florasat_Individual_Sats.satellite[0].dlkDSL.mac,Repetition Generation Delay for Node 778 at Satellite,,,"279.95877849197 358.0875370228 372.42951209031 386.2387836627 399.69503121639","48.95877849197 12.0875370228 26.42951209031 40.2387836627 53.69503121639"
General-342-20260805-15:28:35-69325,vector,Florasat_Individual_Sats.satellite[0].dlkDSL.mac,Message Generation Delay for Node 778 at Satellite,,,"279.95877849197 358.0875370228","48.95877849197 12.0875370228"
General-342-20260805-15:28:35-69325,vector,Florasat_Individual_Sats.satellite[0].dlkDSL.mac,Repetition Position for Node 403 at Satellite,,,"360.1045683964 370.8899226989 397.33372608962","180 180 180"
General-342-20260805-15:28:35-69325,vector,Florasat_Individual_Sats.satellite[0].dlkDSL.mac,Repetition Generation Delay for Node 403 at Satellite,,,"360.1045683964 370.8899226989 397.33372608962","14.1045683964 24.8899226989 51.33372608962"
General-342-20260805-15:28:35-69325,vector,Florasat_Individual_Sats.satellite[0].dlkDSL.mac,Message Generation Delay for Node 403 at Satellite,,,"360.1045683964","14.1045683964"
General-342-20260805-15:28:35-69325,vector,Florasat_Individual_Sats.satellite[0].dlkDSL.mac,Repetition Position for Node 868 at Satellite,,,"361.47716394642 375.11435249488 461.43922393181 484.008784756","180 180 180 180"
General-342-20260805-15:28:35-69325,vector,Florasat_Individual_Sats.satellite[0].dlkDSL.mac,Repetition Generation Delay for Node 868 at Satellite,,,"361.47716394642 375.11435249488 461.43922393181 484.008784756","15.47716394642 29.11435249488 0.43922393180998 23.008784756"
General-342-20260805-15:28:35-69325,vector,Florasat_Individual_Sats.satellite[0].dlkDSL.mac,Message Generation Delay for Node 868 at Satellite,,,"361.47716394642 461.43922393181","15.47716394642 0.43922393180998"
General-342-20260805-15:28:35-69325,vector,Florasat_Individual_Sats.satellite[0].dlkDSL.mac,Repetition Position for Node 283 at Satellite,,,"362.39764452067 390.19990011671 405.06935078039 487.36210391128 501.27610261638 619.25742641224 634.0797967931","180 180 180 180 180 180 180"
General-342-20260805-15:28:35-69325,vector,Florasat_Individual_Sats.satellite[0].dlkDSL.mac,Repetition Generation Delay for Node 283 at Satellite,,,"362.39764452067 390.19990011671 405.06935078039 487.36210391128 501.27610261638 619.25742641224 634.0797967931","16.39764452067 44.19990011671 59.06935078039 26.36210391128 40.27610261638 43.25742641224 58.0797967931"
General-342-20260805-15:28:35-69325,vector,Florasat_Individual_Sats.satellite[0].dlkDSL.mac,Message Generation Delay for Node 283 at Satellite,,,"362.39764452067 487.36210391128 619.25742641224","16.39764452067 26.36210391128 43.25742641224"
General-342-20260805-15:28:35-69325,vector,Florasat_Individual_Sats.satellite[0].dlkDSL.mac,Repetition Position for Node 898 at Satellite,,,"368.20977504415 744.92403615083","180 180"
General-342-20260805-15:28:35-69325,vector,Florasat_Individual_Sats.satellite[0].dlkDSL.mac,Repetition Generation Delay for Node 898 at Satellite,,,"368.20977504415 744.92403615083","22.20977504415 53.92403615083"
General-342-20260805-15:28:35-69325,vector,Florasat_Individual_Sats.satellite[0].dlkDSL.mac,Message Generation Delay for Node 898 at Satellite,,,"368.20977504415 744.92403615083","22.20977504415 53.92403615083"
General-342-20260805-15:28:35-69325,vector,Florasat_Individual_Sats.satellite[0].dlkDSL.mac,Repetition Position for Node 853 at Satellite,,,"370.47992863426 381.27088400036 394.79600479094 494.71951286531 504.79248328473 626.27703646211","180 180 180 180 180 180"
General-342-20260805-15:28:35-69325,vector,Florasat_Individual_Sats.satellite[0].dlkDSL.mac,Repetition Generation Delay for Node 853 at Satellite,,,"370.47992863426 381.27088400036 394.79600479094 494.71951286531 504.79248328473 626.27703646211","24.47992863426 35.27088400036 48.79600479094 33.71951286531 43.79248328473 50.27703646211"
General-342-20260805-15:28:35-69325,vector,Florasat_Individual_Sats.satellite[0].dlkDSL.mac,Message Generation Delay for Node 853 at Satellite,,,"370.47992863426 494.71951286531 626.27703646211","24.47992863426 33.71951286531 50.27703646211"
General-342-20260805-15:28:35-69325,vector,Florasat_Individual_Sats.satellite[0].dlkDSL.mac,Repetition Position for Node 448 at Satellite,,,"372.39133588192 398.39026602953 475.7074810964 503.2149339471","180 180 180 180"
General-342-20260805-15:28:35-69325,vector,Florasat_Individual_Sats.satellite[0].dlkDSL.mac,Repetition Generation Delay for Node 448 at Satellite,,,"372.39133588192 398.39026602953 475.7074810964 503.2149339471","26.39133588192 52.39026602953 14.7074810964 42.2149339471"
General-342-20260805-15:28:35-69325,vector,Florasat_Individual_Sats.satellite[0].dlkDSL.mac,Message Generation Delay for Node 448 at Satellite,,,"372.39133588192 475.7074810964","26.39133588192 14.7074810964"
General-342-20260805-15:28:35-69325,vector,Florasat_Individual_Sats.satellite[0].dlkDSL.mac,Repetition Position for Node 913 at Satellite,,,"384.98166649782 488.17555162956 512.45637111266 599.63564471614 610.49420572275","180 180 180 180 180"
General-342-20260805-15:28:35-69325,vector,Florasat_Individual_Sats.satellite[0].dlkDSL.mac,Repetition Generation Delay for Node 913 at Satellite,,,"384.98166649782 488.17555162956 512.45637111266 599.63564471614 610.49420572275","38.98166649782 27.17555162956 51.45637111266 23.63564471614 34.49420572275"
General-342-20260805-15:28:35-69325,vector,Florasat_Individual_Sats.satellite[0].dlkDSL.mac,Message Generation Delay for Node 913 at Satellite,,,"384.98166649782 488.17555162956 599.63564471614","38.98166649782 27.17555162956 23.63564471614"
General-342-20260805-15:28:35-69325,vector,Florasat_Individual_Sats.satellite[0].dlkDSL.mac,Repetition Position for Node 703 at Satellite,,,"388.9396692964","180"
General-342-20260805-15:28:35-69325,vector,Florasat_Individual_Sats.satellite[0].dlkDSL.mac,Repetition Generation Delay for Node 703 at Satellite,,,"388.9396692964","42.9396692964"
General-342-20260805-15:28:35-69325,vector,Florasat_Individual_Sats.satellite[0].dlkDSL.mac,Message Generation Delay for Node 703 at Satellite,,,"388.9396692964","42.9396692964"
General-342-20260805-15:28:35-69325,vector,Florasat_Individual_Sats.satellite[0].dlkDSL.mac,Repetition Position for Node 733 at Satellite,,,"394.18958359206 486.81523768202 513.01783108589 604.43433706992 615.50771547825 733.64631739182","180 180 180 180 180 180"
General-342-20260805-15:28:35-69325,vector,Florasat_Individual_Sats.satellite[0].dlkDSL.mac,Repetition Generation Delay for Node 733 at Satellite,,,"394.18958359206 486.81523768202 513.01783108589 604.43433706992 615.50771547825 733.64631739182","48.18958359206 25.81523768202 52.01783108589 28.43433706992 39.50771547825 42.64631739182"
General-342-20260805-15:28:35-69325,vector,Florasat_Individual_Sats.satellite[0].dlkDSL.mac,Message Generation Delay for Node 733 at Satellite,,,"394.18958359206 486.81523768202 604.43433706992 733.64631739182","48.18958359206 25.81523768202 28.43433706992 42.64631739182"
General-342-20260805-15:28:35-69325,vector,Florasat_Individual_Sats.satellite[0].dlkDSL.mac,Repetition Position for Node 688 at Satellite,,,"394.8926617075","180"
General-342-20260805-15:28:35-69325,vector,Florasat_Individual_Sats.satellite[0].dlkDSL.mac,Repetition Generation Delay for Node 688 at Satellite,,,"394.8926617075","48.8926617075"
General-342-20260805-15:28:35-69325,vector,Florasat_Individual_Sats.satellite[0].dlkDSL.mac,Message Generation Delay for Node 688 at Satellite,,,"394.8926617075","48.8926617075"
General-342-20260805-15:28:35-69325,vector,Florasat_Individual_Sats.satellite[0].dlkDSL.mac,Repetition Position for Node 883 at Satellite,,,"396.65982872111 484.0277287844 494.83105954857 508.75383212607 739.51597576242","180 180 180 180 180"
General-342-20260805-15:28:35-69325,vector,Florasat_Individual_Sats.satellite[0].dlkDSL.mac,Repetition Generation Delay for Node 883 at Satellite,,,"396.65982872111 484.0277287844 494.83105954857 508.75383212607 739.51597576242","50.65982872111 23.0277287844 33.83105954857 47.75383212607 48.51597576242"
General-342-20260805-15:28:35-69325,vector,Florasat_Individual_Sats.satellite[0].dlkDSL.mac,Message Generation Delay for Node 883 at Satellite,,,"396.65982872111 484.0277287844 739.51597576242","50.65982872111 23.0277287844 48.51597576242"
General-342-20260805-15:28:35-69325,vector,Florasat_Individual_Sats.satellite[0].dlkDSL.mac,Repetition Position for Node 133 at Satellite,,,"483.28920269239","180"
General-342-20260805-15:28:35-69325,vector,Florasat_Individual_Sats.satellite[0].dlkDSL.mac,Repetition Generation Delay for Node 133 at Satellite,,,"483.28920269239","22.28920269239"
General-342-20260805-15:28:35-69325,vector,Florasat_Individual_Sats.satellite[0].dlkDSL.mac,Message Generation Delay for Node 133 at Satellite,,,"483.28920269239","22.28920269239"
General-342-20260805-15:28:35-69325,vector,Florasat_Individual_Sats.satellite[0].dlkDSL.mac,Repetition Position for Node 628 at Satellite,,,"486.91577994558 746.13343411768","180 180"
General-342-20260805-15:28:35-69325,vector,Florasat_Individual_Sats.satellite[0].dlkDSL.mac,Repetition Generation Delay for Node 628 at Satellite,,,"486.91577994558 746.13343411768","25.91577994558 55.13343411768"
General-342-20260805-15:28:35-69325,vector,Florasat_Individual_Sats.satellite[0].dlkDSL.mac,Message Generation Delay for Node 628 at Satellite,,,"486.91577994558 746.13343411768","25.91577994558 55.13343411768"
General-342-20260805-15:28:35-69325,vector,Florasat_Individual_Sats.satellite[0].dlkDSL.mac,Repetition Position for Node 583 at Satellite,,,"490.30796922876 500.6351179864","180 180"
General-342-20260805-15:28:35-69325,vector,Florasat_Individual_Sats.satellite[0].dlkDSL.mac,Repetition Generation Delay for Node 583 at Satellite,,,"490.30796922876 500.6351179864","29.30796922876 39.6351179864"
General-342-20260805-15:28:35-69325,vector,Florasat_Individual_Sats.satellite[0].dlkDSL.mac,Message Generation Delay for Node 583 at Satellite,,,"490.30796922876","29.30796922876"
General-342-20260805-15:28:35-69325,vector,Florasat_Individual_Sats.satellite[0].dlkDSL.mac,Repetition Position for Node 763 at Satellite,,,"490.45952049995","180"
General-342-20260805-15:28:35-69325,vector,Florasat_Individual_Sats.satellite[0].dlkDSL.mac,Repetition Generation Delay for Node 763 at Satellite,,,"490.45952049995","29.45952049995"
General-342-20260805-15:28:35-69325,vector,Florasat_Individual_Sats.satellite[0].dlkDSL.mac,Message Generation Delay for Node 763 at Satellite,,,"490.45952049995","29.45952049995"
General-342-20260805-15:28:35-69325,vector,Florasat_Individual_Sats.satellite[0].dlkDSL.mac,Repetition Position for Node 928 at Satellite,,,"498.3830114141 512.79722550198 590.38046768321 600.96823783162 615.77807859321 627.9130091708 714.41012638284 724.79405415024 738.5770857801","180 180 180 180 180 180 180 180 180"
General-342-20260805-15:28:35-69325,vector,Florasat_Individual_Sats.satellite[0].dlkDSL.mac,Repetition Generation Delay for Node 928 at Satellite,,,"498.3830114141 512.79722550198 590.38046768321 600.96823783162 615.77807859321 627.9130091708 714.41012638284 724.79405415024 738.5770857801","37.3830114141 51.79722550198 14.38046768321 24.96823783162 39.77807859321 51.9130091708 23.41012638284 33.79405415024 47.5770857801"
General-342-20260805-15:28:35-69325,vector,Florasat_Individual_Sats.satellite[0].dlkDSL.mac,Message Generation Delay for Node 928 at Satellite,,,"498.3830114141 590.38046768321 714.41012638284","37.3830114141 14.38046768321 23.41012638284"
General-342-20260805-15:28:35-69325,vector,Florasat_Individual_Sats.satellite[0].dlkDSL.mac,Repetition Position for Node 523 at Satellite,,,"588.31882253259 598.85865336719 625.72805727336","180 180 180"
General-342-20260805-15:28:35-69325,vector,Florasat_Individual_Sats.satellite[0].dlkDSL.mac,Repetition Generation Delay for Node 523 at Satellite,,,"588.31882253259 598.85865336719 625.72805727336","12.31882253259 22.85865336719 49.72805727336"
General-342-20260805-15:28:35-69325,vector,Florasat_Individual_Sats.satellite[0].dlkDSL.mac,Message Generation Delay for Node 523 at Satellite,,,"588.31882253259","12.31882253259"
General-342-20260805-15:28:35-69325,vector,Florasat_Individual_Sats.satellite[0].dlkDSL.mac,Repetition Position for Node 478 at Satellite,,,"603.96370236896","180"
General-342-20260805-15:28:35-69325,vector,Florasat_Individual_Sats.satellite[0].dlkDSL.mac,Repetition Generation Delay for Node 478 at Satellite,,,"603.96370236896","27.96370236896"
General-342-20260805-15:28:35-69325,vector,Florasat_Individual_Sats.satellite[0].dlkDSL.mac,Message Generation Delay for Node 478 at Satellite,,,"603.96370236896","27.96370236896"
General-342-20260805-15:28:35-69325,vector,Florasat_Individual_Sats.satellite[0].dlkDSL.mac,Repetition Position for Node 268 at Satellite,,,"614.0775519263","180"
General-342-20260805-15:28:35-69325,vector,Florasat_Individual_Sats.satellite[0].dlkDSL.mac,Repetition Generation Delay for Node 268 at Satellite,,,"614.0775519263","38.0775519263"
General-342-20260805-15:28:35-69325,vector,Florasat_Individual_Sats.satellite[0].dlkDSL.mac,Message Generation Delay for Node 268 at Satellite,,,"614.0775519263","38.0775519263"
General-342-20260805-15:28:35-69325,vector,Florasat_Individual_Sats.satellite[0].dlkDSL.mac,Repetition Position for Node 463 at Satellite,,,"633.63941532308 721.56757086519 734.38200271808","180 180 180"
General-342-20260805-15:28:35-69325,vector,Florasat_Individual_Sats.satellite[0].dlkDSL.mac,Repetition Generation Delay for Node 463 at Satellite,,,"633.63941532308 721.56757086519 734.38200271808","57.63941532308 30.56757086519 43.38200271808"
General-342-20260805-15:28:35-69325,vector,Florasat_Individual_Sats.satellite[0].dlkDSL.mac,Message Generation Delay for Node 463 at Satellite,,,"633.63941532308 721.56757086519","57.63941532308 30.56757086519"
General-342-20260805-15:28:35-69325,vector,Florasat_Individual_Sats.satellite[0].dlkDSL.mac,Repetition Position for Node 178 at Satellite,,,"747.29231336087","180"
General-342-20260805-15:28:35-69325,vector,Florasat_Individual_Sats.satellite[0].dlkDSL.mac,Repetition Generation Delay for Node 178 at Satellite,,,"747.29231336087","56.29231336087"
General-342-20260805-15:28:35-69325,vector,Florasat_Individual_Sats.satellite[0].dlkDSL.mac,Message Generation Delay for Node 178 at Satellite,,,"747.29231336087","56.29231336087"
