run,type,module,name,attrname,attrvalue,vectime,vecvalue
General-89-20260718-16:27:28-5569,runattr,,,configname,General,,
General-89-20260718-16:27:28-5569,runattr,,,datetime,20260718-16:27:28,,
General-89-20260718-16:27:28-5569,runattr,,,datetimef,20260718-162728,,
General-89-20260718-16:27:28-5569,runattr,,,experiment,General,,
General-89-20260718-16:27:28-5569,runattr,,,inifile,Test_MLModel_2.ini,,
General-89-20260718-16:27:28-5569,runattr,,,iterationvars,"$myraan=165, $threshold=0.90, $0=92115",,
General-89-20260718-16:27:28-5569,runattr,,,iterationvarsd,myraan=165/threshold=0.90/92115,,
General-89-20260718-16:27:28-5569,runattr,,,iterationvarsf,"myraan=165,threshold=0.90,92115-",,
General-89-20260718-16:27:28-5569,runattr,,,measurement,"$myraan=165, $threshold=0.90, $0=92115",,
General-89-20260718-16:27:28-5569,runattr,,,network,Florasat.Test_Individual.Florasat_Individual_Sats,,
General-89-20260718-16:27:28-5569,runattr,,,processid,5569,,
General-89-20260718-16:27:28-5569,runattr,,,repetition,9,,
General-89-20260718-16:27:28-5569,runattr,,,replication,#9,,
General-89-20260718-16:27:28-5569,runattr,,,resultdir,results,,
General-89-20260718-16:27:28-5569,runattr,,,runnumber,89,,
General-89-20260718-16:27:28-5569,runattr,,,seedset,89,,
General-89-20260718-16:27:28-5569,itervar,,,myraan,165,,
General-89-20260718-16:27:28-5569,itervar,,,threshold,0.90,,
General-89-20260718-16:27:28-5569,config,,,*.stats_altitude,670,,
General-89-20260718-16:27:28-5569,config,,,*.stats_raan,185,,
General-89-20260718-16:27:28-5569,config,,,image-path,../../images:../../../../samples/inet4.5_2/images,,
General-89-20260718-16:27:28-5569,config,,,network,Florasat.Test_Individual.Florasat_Individual_Sats,,
General-89-20260718-16:27:28-5569,config,,,rng-class,cMersenneTwister,,
General-89-20260718-16:27:28-5569,config,,,*.**.result-recording-modes,-,,
General-89-20260718-16:27:28-5569,config,,,**.result-recording-modes,-,,
General-89-20260718-16:27:28-5569,config,,,**.statistic-recording,true,,
General-89-20260718-16:27:28-5569,config,,,**.scalar-recording,true,,
General-89-20260718-16:27:28-5569,config,,,**.vector-recording,true,,
General-89-20260718-16:27:28-5569,config,,,**.vector-record-eventnumbers,true,,
General-89-20260718-16:27:28-5569,config,,,repeat,10,,
General-89-20260718-16:27:28-5569,config,,,seed-0-mt,92115,,
General-89-20260718-16:27:28-5569,config,,,sim-time-limit,749s,,
General-89-20260718-16:27:28-5569,config,,,simtime-resolution,-11,,
General-89-20260718-16:27:28-5569,config,,,**.stats_altitude,670,,
General-89-20260718-16:27:28-5569,config,,,**.stats_raan,185,,
General-89-20260718-16:27:28-5569,config,,,*.radioMedium.backgroundNoise.power,-110dBm,,
General-89-20260718-16:27:28-5569,config,,,*.radioMedium.mediumLimitCache.centerFrequency,868MHz,,
General-89-20260718-16:27:28-5569,config,,,*.radioMedium.mediumLimitCache.maxTransmissionDuration,4s,,
General-89-20260718-16:27:28-5569,config,,,*.radioMedium.mediumLimitCache.minInterferenceTime,0s,,
General-89-20260718-16:27:28-5569,config,,,**.numSatellites,1,,
General-89-20260718-16:27:28-5569,config,,,*.satellite[*].mobilityType,"""Sat_Mob_SatelliteMobility_Standalone""",,
General-89-20260718-16:27:28-5569,config,,,*.satellite[*].noradModuleType,"""Sat_Mob_NoradA""",,
General-89-20260718-16:27:28-5569,config,,,**.satellite[*].**.initFromDisplayString,false,,
General-89-20260718-16:27:28-5569,config,,,*.satellite[*].mobility.faceForward,true,,
General-89-20260718-16:27:28-5569,config,,,*.satellite[*].mobility.updateInterval,20s,,
General-89-20260718-16:27:28-5569,config,,,*.satellite[*].NoradModule.satName,"""FLoRaSat""",,
General-89-20260718-16:27:28-5569,config,,,*.satellite[*].NoradModule.satIndex,-1,,
General-89-20260718-16:27:28-5569,config,,,*.satellite[*].NoradModule.baseYear,20,,
General-89-20260718-16:27:28-5569,config,,,*.satellite[*].NoradModule.baseDay,1.5,,
General-89-20260718-16:27:28-5569,config,,,*.satellite[*].NoradModule.planes,1,,
General-89-20260718-16:27:28-5569,config,,,*.satellite[*].NoradModule.satPerPlane,1,,
General-89-20260718-16:27:28-5569,config,,,*.satellite[*].NoradModule.eccentricity,0.000001,,
General-89-20260718-16:27:28-5569,config,,,*.satellite[*].NoradModule.inclination,98,,
General-89-20260718-16:27:28-5569,config,,,*.satellite[*].NoradModule.altitude,670,,
General-89-20260718-16:27:28-5569,config,,,*.satellite[0].NoradModule.raan,165,,
General-89-20260718-16:27:28-5569,config,,,*.satellite[0].NoradModule.meanAnomaly,195,,
General-89-20260718-16:27:28-5569,config,,,*.satellite[*].phyDSL.radio.receiver.enableCollisionOverlap,true,,
General-89-20260718-16:27:28-5569,config,,,*.satellite[*].phyDSL.radio.receiver.minCollisionOverlap,0s,,
General-89-20260718-16:27:28-5569,config,,,*.satellite[*].phyDSL.radio.antenna.typename,ConstantGainAntenna,,
General-89-20260718-16:27:28-5569,config,,,*.satellite[*].phyDSL.radio.antenna.mobilityModule,"""^.^.^.mobility""",,
General-89-20260718-16:27:28-5569,config,,,*.satellite[*].phyISL.radio.antenna.mobilityModule,"""^.^.^.mobility""",,
General-89-20260718-16:27:28-5569,config,,,*.satellite[*].phyGSL.radio.antenna.mobilityModule,"""^.^.^.mobility""",,
General-89-20260718-16:27:28-5569,config,,,*.satellite[*].phyDSL.radio.antenna.gain,12dB,,
General-89-20260718-16:27:28-5569,config,,,*.satellite[*].net.routingType,"""Null_Routing""",,
General-89-20260718-16:27:28-5569,config,,,*.terminal[*].net.routingType,"""Ter_Null_Routing""",,
General-89-20260718-16:27:28-5569,config,,,*.**.numGroundLinks,40,,
General-89-20260718-16:27:28-5569,config,,,*.satellite[*].**.interfaceTableModule,"""""",,
General-89-20260718-16:27:28-5569,config,,,**.radioMedium.typename,LoRaMedium,,
General-89-20260718-16:27:28-5569,config,,,**.radioMedium.analogModel.typename,LoRaAnalogModel,,
General-89-20260718-16:27:28-5569,config,,,**.intraPlaneIslDisabled,false,,
General-89-20260718-16:27:28-5569,config,,,**.interPlaneIslDisabled,false,,
General-89-20260718-16:27:28-5569,config,,,**.numTerminals,60,,
General-89-20260718-16:27:28-5569,config,,,*.terminal[*].phy.radio.antenna.mobilityModule,"""^.^.^.mob""",,
General-89-20260718-16:27:28-5569,config,,,*.terminal[*].dlk.mac.interfaceTableModule,"""""",,
General-89-20260718-16:27:28-5569,config,,,*.terminal[*].dlk.energySourceModule,"""""",,
General-89-20260718-16:27:28-5569,config,,,*.terminal[*].dlk.mac.LoRaTP,"intuniform(12, 14)",,
General-89-20260718-16:27:28-5569,config,,,*.terminal[*].dlk.mac.LoRaSF,"intuniform(10, 12)",,
General-89-20260718-16:27:28-5569,config,,,*.terminal[*].dlk.mac.useMLBoxBiLSTM,true,,
General-89-20260718-16:27:28-5569,config,,,*.terminal[*].dlk.mac.mlBoxBiLSTM.modelPath,"""/home/ylnner/Documents/omnet++/omnetpp-6.3.0/projects/florasat_v4_ult_routing/simulations/Test_Individual/mlmodels/bilstm_scripted.pt""",,
General-89-20260718-16:27:28-5569,config,,,*.terminal[*].dlk.mac.mlBoxBiLSTM.threshold,0.90,,
General-89-20260718-16:27:28-5569,config,,,**.numberOfPacketsToSend,0,,
General-89-20260718-16:27:28-5569,config,,,**.timeToFirstPacket,1s,,
General-89-20260718-16:27:28-5569,config,,,**.timeToNextPacket,115s,,
General-89-20260718-16:27:28-5569,config,,,*.terminal[0].mob.radius,0.0,,
General-89-20260718-16:27:28-5569,config,,,*.terminal[0].mob.centerLatitude,54.978,,
General-89-20260718-16:27:28-5569,config,,,*.terminal[0].mob.centerLongitude,-1.617,,
General-89-20260718-16:27:28-5569,config,,,*.terminal[1].mob.radius,0.0,,
General-89-20260718-16:27:28-5569,config,,,*.terminal[1].mob.centerLatitude,52.630,,
General-89-20260718-16:27:28-5569,config,,,*.terminal[1].mob.centerLongitude,-1.139,,
General-89-20260718-16:27:28-5569,config,,,*.terminal[2].mob.radius,0.0,,
General-89-20260718-16:27:28-5569,config,,,*.terminal[2].mob.centerLatitude,52.612,,
General-89-20260718-16:27:28-5569,config,,,*.terminal[2].mob.centerLongitude,-6.295,,
General-89-20260718-16:27:28-5569,config,,,*.terminal[3].mob.radius,0.0,,
General-89-20260718-16:27:28-5569,config,,,*.terminal[3].mob.centerLatitude,47.243,,
General-89-20260718-16:27:28-5569,config,,,*.terminal[3].mob.centerLongitude,6.024,,
General-89-20260718-16:27:28-5569,config,,,*.terminal[4].mob.radius,0.0,,
General-89-20260718-16:27:28-5569,config,,,*.terminal[4].mob.centerLatitude,43.610,,
General-89-20260718-16:27:28-5569,config,,,*.terminal[4].mob.centerLongitude,3.876,,
General-89-20260718-16:27:28-5569,config,,,*.terminal[5].mob.radius,0.0,,
General-89-20260718-16:27:28-5569,config,,,*.terminal[5].mob.centerLatitude,49.443,,
General-89-20260718-16:27:28-5569,config,,,*.terminal[5].mob.centerLongitude,1.099,,
General-89-20260718-16:27:28-5569,config,,,*.terminal[6].mob.radius,0.0,,
General-89-20260718-16:27:28-5569,config,,,*.terminal[6].mob.centerLatitude,37.992,,
General-89-20260718-16:27:28-5569,config,,,*.terminal[6].mob.centerLongitude,-1.130,,
General-89-20260718-16:27:28-5569,config,,,*.terminal[7].mob.radius,0.0,,
General-89-20260718-16:27:28-5569,config,,,*.terminal[7].mob.centerLatitude,40.965,,
General-89-20260718-16:27:28-5569,config,,,*.terminal[7].mob.centerLongitude,-5.664,,
General-89-20260718-16:27:28-5569,config,,,*.terminal[8].mob.radius,0.0,,
General-89-20260718-16:27:28-5569,config,,,*.terminal[8].mob.centerLatitude,40.657,,
General-89-20260718-16:27:28-5569,config,,,*.terminal[8].mob.centerLongitude,-7.914,,
General-89-20260718-16:27:28-5569,config,,,*.terminal[9].mob.radius,0.0,,
General-89-20260718-16:27:28-5569,config,,,*.terminal[9].mob.centerLatitude,51.340,,
General-89-20260718-16:27:28-5569,config,,,*.terminal[9].mob.centerLongitude,12.373,,
General-89-20260718-16:27:28-5569,config,,,*.terminal[10].mob.radius,0.0,,
General-89-20260718-16:27:28-5569,config,,,*.terminal[10].mob.centerLatitude,51.455,,
General-89-20260718-16:27:28-5569,config,,,*.terminal[10].mob.centerLongitude,7.011,,
General-89-20260718-16:27:28-5569,config,,,*.terminal[11].mob.radius,0.0,,
General-89-20260718-16:27:28-5569,config,,,*.terminal[11].mob.centerLatitude,49.452,,
General-89-20260718-16:27:28-5569,config,,,*.terminal[11].mob.centerLongitude,11.076,,
General-89-20260718-16:27:28-5569,config,,,*.terminal[12].mob.radius,0.0,,
General-89-20260718-16:27:28-5569,config,,,*.terminal[12].mob.centerLatitude,43.769,,
General-89-20260718-16:27:28-5569,config,,,*.terminal[12].mob.centerLongitude,11.255,,
General-89-20260718-16:27:28-5569,config,,,*.terminal[13].mob.radius,0.0,,
General-89-20260718-16:27:28-5569,config,,,*.terminal[13].mob.centerLatitude,41.117,,
General-89-20260718-16:27:28-5569,config,,,*.terminal[13].mob.centerLongitude,16.871,,
General-89-20260718-16:27:28-5569,config,,,*.terminal[14].mob.radius,0.0,,
General-89-20260718-16:27:28-5569,config,,,*.terminal[14].mob.centerLatitude,52.132,,
General-89-20260718-16:27:28-5569,config,,,*.terminal[14].mob.centerLongitude,5.291,,
General-89-20260718-16:27:28-5569,config,,,*.terminal[15].mob.radius,0.0,,
General-89-20260718-16:27:28-5569,config,,,*.terminal[15].mob.centerLatitude,50.411,,
General-89-20260718-16:27:28-5569,config,,,*.terminal[15].mob.centerLongitude,4.444,,
General-89-20260718-16:27:28-5569,config,,,*.terminal[16].mob.radius,0.0,,
General-89-20260718-16:27:28-5569,config,,,*.terminal[16].mob.centerLatitude,47.559,,
General-89-20260718-16:27:28-5569,config,,,*.terminal[16].mob.centerLongitude,7.588,,
General-89-20260718-16:27:28-5569,config,,,*.terminal[17].mob.radius,0.0,,
General-89-20260718-16:27:28-5569,config,,,*.terminal[17].mob.centerLatitude,55.403,,
General-89-20260718-16:27:28-5569,config,,,*.terminal[17].mob.centerLongitude,10.402,,
General-89-20260718-16:27:28-5569,config,,,*.terminal[18].mob.radius,0.0,,
General-89-20260718-16:27:28-5569,config,,,*.terminal[18].mob.centerLatitude,59.858,,
General-89-20260718-16:27:28-5569,config,,,*.terminal[18].mob.centerLongitude,17.638,,
General-89-20260718-16:27:28-5569,config,,,*.terminal[19].mob.radius,0.0,,
General-89-20260718-16:27:28-5569,config,,,*.terminal[19].mob.centerLatitude,60.451,,
General-89-20260718-16:27:28-5569,config,,,*.terminal[19].mob.centerLongitude,22.266,,
General-89-20260718-16:27:28-5569,config,,,*.terminal[20].mob.radius,0.0,,
General-89-20260718-16:27:28-5569,config,,,*.terminal[20].mob.centerLatitude,56.325,,
General-89-20260718-16:27:28-5569,config,,,*.terminal[20].mob.centerLongitude,22.349,,
General-89-20260718-16:27:28-5569,config,,,*.terminal[21].mob.radius,0.0,,
General-89-20260718-16:27:28-5569,config,,,*.terminal[21].mob.centerLatitude,49.883,,
General-89-20260718-16:27:28-5569,config,,,*.terminal[21].mob.centerLongitude,18.568,,
General-89-20260718-16:27:28-5569,config,,,*.terminal[22].mob.radius,0.0,,
General-89-20260718-16:27:28-5569,config,,,*.terminal[22].mob.centerLatitude,47.531,,
General-89-20260718-16:27:28-5569,config,,,*.terminal[22].mob.centerLongitude,21.627,,
General-89-20260718-16:27:28-5569,config,,,*.terminal[23].mob.radius,0.0,,
General-89-20260718-16:27:28-5569,config,,,*.terminal[23].mob.centerLatitude,44.179,,
General-89-20260718-16:27:28-5569,config,,,*.terminal[23].mob.centerLongitude,28.649,,
General-89-20260718-16:27:28-5569,config,,,*.terminal[24].mob.radius,0.0,,
General-89-20260718-16:27:28-5569,config,,,*.terminal[24].mob.centerLatitude,45.327,,
General-89-20260718-16:27:28-5569,config,,,*.terminal[24].mob.centerLongitude,14.442,,
General-89-20260718-16:27:28-5569,config,,,*.terminal[25].mob.radius,0.0,,
General-89-20260718-16:27:28-5569,config,,,*.terminal[25].mob.centerLatitude,40.694,,
General-89-20260718-16:27:28-5569,config,,,*.terminal[25].mob.centerLongitude,30.400,,
General-89-20260718-16:27:28-5569,config,,,*.terminal[26].mob.radius,0.0,,
General-89-20260718-16:27:28-5569,config,,,*.terminal[26].mob.centerLatitude,37.066,,
General-89-20260718-16:27:28-5569,config,,,*.terminal[26].mob.centerLongitude,37.383,,
General-89-20260718-16:27:28-5569,config,,,*.terminal[27].mob.radius,0.0,,
General-89-20260718-16:27:28-5569,config,,,*.terminal[27].mob.centerLatitude,64.836,,
General-89-20260718-16:27:28-5569,config,,,*.terminal[27].mob.centerLongitude,-23.708,,
General-89-20260718-16:27:28-5569,config,,,*.terminal[28].mob.radius,0.0,,
General-89-20260718-16:27:28-5569,config,,,*.terminal[28].mob.centerLatitude,28.099,,
General-89-20260718-16:27:28-5569,config,,,*.terminal[28].mob.centerLongitude,-17.113,,
General-89-20260718-16:27:28-5569,config,,,*.terminal[29].mob.radius,0.0,,
General-89-20260718-16:27:28-5569,config,,,*.terminal[29].mob.centerLatitude,34.921,,
General-89-20260718-16:27:28-5569,config,,,*.terminal[29].mob.centerLongitude,33.623,,
General-89-20260718-16:27:28-5569,config,,,*.terminal[30].mob.radius,0.0,,
General-89-20260718-16:27:28-5569,config,,,*.terminal[30].mob.centerLatitude,55.953,,
General-89-20260718-16:27:28-5569,config,,,*.terminal[30].mob.centerLongitude,-3.188,,
General-89-20260718-16:27:28-5569,config,,,*.terminal[31].mob.radius,0.0,,
General-89-20260718-16:27:28-5569,config,,,*.terminal[31].mob.centerLatitude,51.481,,
General-89-20260718-16:27:28-5569,config,,,*.terminal[31].mob.centerLongitude,-3.179,,
General-89-20260718-16:27:28-5569,config,,,*.terminal[32].mob.radius,0.0,,
General-89-20260718-16:27:28-5569,config,,,*.terminal[32].mob.centerLatitude,53.349,,
General-89-20260718-16:27:28-5569,config,,,*.terminal[32].mob.centerLongitude,-6.260,,
General-89-20260718-16:27:28-5569,config,,,*.terminal[33].mob.radius,0.0,,
General-89-20260718-16:27:28-5569,config,,,*.terminal[33].mob.centerLatitude,45.764,,
General-89-20260718-16:27:28-5569,config,,,*.terminal[33].mob.centerLongitude,4.835,,
General-89-20260718-16:27:28-5569,config,,,*.terminal[34].mob.radius,0.0,,
General-89-20260718-16:27:28-5569,config,,,*.terminal[34].mob.centerLatitude,48.573,,
General-89-20260718-16:27:28-5569,config,,,*.terminal[34].mob.centerLongitude,7.752,,
General-89-20260718-16:27:28-5569,config,,,*.terminal[35].mob.radius,0.0,,
General-89-20260718-16:27:28-5569,config,,,*.terminal[35].mob.centerLatitude,44.837,,
General-89-20260718-16:27:28-5569,config,,,*.terminal[35].mob.centerLongitude,-0.579,,
General-89-20260718-16:27:28-5569,config,,,*.terminal[36].mob.radius,0.0,,
General-89-20260718-16:27:28-5569,config,,,*.terminal[36].mob.centerLatitude,41.385,,
General-89-20260718-16:27:28-5569,config,,,*.terminal[36].mob.centerLongitude,2.173,,
General-89-20260718-16:27:28-5569,config,,,*.terminal[37].mob.radius,0.0,,
General-89-20260718-16:27:28-5569,config,,,*.terminal[37].mob.centerLatitude,41.157,,
General-89-20260718-16:27:28-5569,config,,,*.terminal[37].mob.centerLongitude,-8.629,,
General-89-20260718-16:27:28-5569,config,,,*.terminal[38].mob.radius,0.0,,
General-89-20260718-16:27:28-5569,config,,,*.terminal[38].mob.centerLatitude,37.389,,
General-89-20260718-16:27:28-5569,config,,,*.terminal[38].mob.centerLongitude,-5.984,,
General-89-20260718-16:27:28-5569,config,,,*.terminal[39].mob.radius,0.0,,
General-89-20260718-16:27:28-5569,config,,,*.terminal[39].mob.centerLatitude,53.551,,
General-89-20260718-16:27:28-5569,config,,,*.terminal[39].mob.centerLongitude,9.993,,
General-89-20260718-16:27:28-5569,config,,,*.terminal[40].mob.radius,0.0,,
General-89-20260718-16:27:28-5569,config,,,*.terminal[40].mob.centerLatitude,48.135,,
General-89-20260718-16:27:28-5569,config,,,*.terminal[40].mob.centerLongitude,11.582,,
General-89-20260718-16:27:28-5569,config,,,*.terminal[41].mob.radius,0.0,,
General-89-20260718-16:27:28-5569,config,,,*.terminal[41].mob.centerLatitude,50.110,,
General-89-20260718-16:27:28-5569,config,,,*.terminal[41].mob.centerLongitude,8.682,,
General-89-20260718-16:27:28-5569,config,,,*.terminal[42].mob.radius,0.0,,
General-89-20260718-16:27:28-5569,config,,,*.terminal[42].mob.centerLatitude,45.464,,
General-89-20260718-16:27:28-5569,config,,,*.terminal[42].mob.centerLongitude,9.190,,
General-89-20260718-16:27:28-5569,config,,,*.terminal[43].mob.radius,0.0,,
General-89-20260718-16:27:28-5569,config,,,*.terminal[43].mob.centerLatitude,40.851,,
General-89-20260718-16:27:28-5569,config,,,*.terminal[43].mob.centerLongitude,14.268,,
General-89-20260718-16:27:28-5569,config,,,*.terminal[44].mob.radius,0.0,,
General-89-20260718-16:27:28-5569,config,,,*.terminal[44].mob.centerLatitude,51.209,,
General-89-20260718-16:27:28-5569,config,,,*.terminal[44].mob.centerLongitude,3.224,,
General-89-20260718-16:27:28-5569,config,,,*.terminal[45].mob.radius,0.0,,
General-89-20260718-16:27:28-5569,config,,,*.terminal[45].mob.centerLatitude,48.208,,
General-89-20260718-16:27:28-5569,config,,,*.terminal[45].mob.centerLongitude,16.373,,
General-89-20260718-16:27:28-5569,config,,,*.terminal[46].mob.radius,0.0,,
General-89-20260718-16:27:28-5569,config,,,*.terminal[46].mob.centerLatitude,52.229,,
General-89-20260718-16:27:28-5569,config,,,*.terminal[46].mob.centerLongitude,21.012,,
General-89-20260718-16:27:28-5569,config,,,*.terminal[47].mob.radius,0.0,,
General-89-20260718-16:27:28-5569,config,,,*.terminal[47].mob.centerLatitude,59.913,,
General-89-20260718-16:27:28-5569,config,,,*.terminal[47].mob.centerLongitude,10.752,,
General-89-20260718-16:27:28-5569,config,,,*.terminal[48].mob.radius,0.0,,
General-89-20260718-16:27:28-5569,config,,,*.terminal[48].mob.centerLatitude,56.949,,
General-89-20260718-16:27:28-5569,config,,,*.terminal[48].mob.centerLongitude,24.105,,
General-89-20260718-16:27:28-5569,config,,,*.terminal[49].mob.radius,0.0,,
General-89-20260718-16:27:28-5569,config,,,*.terminal[49].mob.centerLatitude,59.437,,
General-89-20260718-16:27:28-5569,config,,,*.terminal[49].mob.centerLongitude,24.753,,
General-89-20260718-16:27:28-5569,config,,,*.terminal[50].mob.radius,0.0,,
General-89-20260718-16:27:28-5569,config,,,*.terminal[50].mob.centerLatitude,50.075,,
General-89-20260718-16:27:28-5569,config,,,*.terminal[50].mob.centerLongitude,14.437,,
General-89-20260718-16:27:28-5569,config,,,*.terminal[51].mob.radius,0.0,,
General-89-20260718-16:27:28-5569,config,,,*.terminal[51].mob.centerLatitude,42.697,,
General-89-20260718-16:27:28-5569,config,,,*.terminal[51].mob.centerLongitude,23.321,,
General-89-20260718-16:27:28-5569,config,,,*.terminal[52].mob.radius,0.0,,
General-89-20260718-16:27:28-5569,config,,,*.terminal[52].mob.centerLatitude,45.815,,
General-89-20260718-16:27:28-5569,config,,,*.terminal[52].mob.centerLongitude,15.981,,
General-89-20260718-16:27:28-5569,config,,,*.terminal[53].mob.radius,0.0,,
General-89-20260718-16:27:28-5569,config,,,*.terminal[53].mob.centerLatitude,40.640,,
General-89-20260718-16:27:28-5569,config,,,*.terminal[53].mob.centerLongitude,22.944,,
General-89-20260718-16:27:28-5569,config,,,*.terminal[54].mob.radius,0.0,,
General-89-20260718-16:27:28-5569,config,,,*.terminal[54].mob.centerLatitude,39.933,,
General-89-20260718-16:27:28-5569,config,,,*.terminal[54].mob.centerLongitude,32.859,,
General-89-20260718-16:27:28-5569,config,,,*.terminal[55].mob.radius,0.0,,
General-89-20260718-16:27:28-5569,config,,,*.terminal[55].mob.centerLatitude,38.419,,
General-89-20260718-16:27:28-5569,config,,,*.terminal[55].mob.centerLongitude,27.128,,
General-89-20260718-16:27:28-5569,config,,,*.terminal[56].mob.radius,0.0,,
General-89-20260718-16:27:28-5569,config,,,*.terminal[56].mob.centerLatitude,35.898,,
General-89-20260718-16:27:28-5569,config,,,*.terminal[56].mob.centerLongitude,14.514,,
General-89-20260718-16:27:28-5569,config,,,*.terminal[57].mob.radius,0.0,,
General-89-20260718-16:27:28-5569,config,,,*.terminal[57].mob.centerLatitude,65.683,,
General-89-20260718-16:27:28-5569,config,,,*.terminal[57].mob.centerLongitude,-18.087,,
General-89-20260718-16:27:28-5569,config,,,*.terminal[58].mob.radius,0.0,,
General-89-20260718-16:27:28-5569,config,,,*.terminal[58].mob.centerLatitude,28.463,,
General-89-20260718-16:27:28-5569,config,,,*.terminal[58].mob.centerLongitude,-16.251,,
General-89-20260718-16:27:28-5569,config,,,*.terminal[59].mob.radius,0.0,,
General-89-20260718-16:27:28-5569,config,,,*.terminal[59].mob.centerLatitude,35.185,,
General-89-20260718-16:27:28-5569,config,,,*.terminal[59].mob.centerLongitude,33.382,,
General-89-20260718-16:27:28-5569,config,,,**.numStations,3,,
General-89-20260718-16:27:28-5569,config,,,**.numStations,3,,
General-89-20260718-16:27:28-5569,config,,,*.station[0].mobility.latitude,55.752,,
General-89-20260718-16:27:28-5569,config,,,*.station[0].mobility.longitude,37.616,,
General-89-20260718-16:27:28-5569,config,,,*.station[0].cityName,"""Moscow""",,
General-89-20260718-16:27:28-5569,config,,,*.station[0].groundStationId,7,,
General-89-20260718-16:27:28-5569,config,,,*.station[0].routerAddr,"""10.0.0.29""",,
General-89-20260718-16:27:28-5569,config,,,*.station[0].serving,"""10.0.0.29""",,
General-89-20260718-16:27:28-5569,config,,,*.station[1].mobility.latitude,28.652,,
General-89-20260718-16:27:28-5569,config,,,*.station[1].mobility.longitude,77.231,,
General-89-20260718-16:27:28-5569,config,,,*.station[1].cityName,"""Delhi""",,
General-89-20260718-16:27:28-5569,config,,,*.station[1].groundStationId,11,,
General-89-20260718-16:27:28-5569,config,,,*.station[1].routerAddr,"""10.0.0.45""",,
General-89-20260718-16:27:28-5569,config,,,*.station[1].serving,"""10.0.0.45""",,
General-89-20260718-16:27:28-5569,config,,,*.station[2].mobility.latitude,25.35,,
General-89-20260718-16:27:28-5569,config,,,*.station[2].mobility.longitude,51.24,,
General-89-20260718-16:27:28-5569,config,,,*.station[2].cityName,"""Katar""",,
General-89-20260718-16:27:28-5569,config,,,*.station[2].groundStationId,19,,
General-89-20260718-16:27:28-5569,config,,,*.station[2].routerAddr,"""10.0.0.77""",,
General-89-20260718-16:27:28-5569,config,,,*.station[2].serving,"""10.0.0.77""",,
General-89-20260718-16:27:28-5569,config,,,*.visualizer.canvasVisualizer.mediumVisualizer.typename,,,
General-89-20260718-16:27:28-5569,config,,,*.visualizer.*.radioVisualizer.displayAntennaLobes,true,,
General-89-20260718-16:27:28-5569,config,,,*.visualizer.*.dataLinkVisualizer.displayLinks,true,,
General-89-20260718-16:27:28-5569,config,,,*.visualizer.*.mobilityVisualizer.displayMovementTrails,true,,
General-89-20260718-16:27:28-5569,config,,,*.visualizer.*.mobilityVisualizer.movementTrailLineWidth,1,,
General-89-20260718-16:27:28-5569,config,,,*.visualizer.*.mobilityVisualizer.trailLength,3000,,
General-89-20260718-16:27:28-5569,config,,,**.ttxStart_max,1s,,
General-89-20260718-16:27:28-5569,config,,,**.ttxIdle_min,10s,,
General-89-20260718-16:27:28-5569,config,,,**.ttxIdle_max,15s,,
General-89-20260718-16:27:28-5569,config,,,**.Ntw,1,,
General-89-20260718-16:27:28-5569,config,,,**.Ntx,5,,
General-89-20260718-16:27:28-5569,config,,,**.ttwDuration,100s,,
General-89-20260718-16:27:28-5569,config,,,output-scalar-file,results/results_florasat_ml_lstm/bilstm-raan-165-th-0.90-General-9.sca,,
General-89-20260718-16:27:28-5569,config,,,output-vector-file,results/results_florasat_ml_lstm/bilstm-raan-165-th-0.90-General-9.vec,,
General-89-20260718-16:27:28-5569,vector,Florasat_Individual_Sats.terminal[40].dlk.mac,vector_preds_BiLSTM,,,"1.00945447292 15.84677969059 29.31998248049 41.26095495955 54.59779171459 116.17718564975 129.38947439007 141.88333191024 154.7846832294 168.18852692656 231.30989773478 241.67406417941 253.06012644711 264.95049283071 278.84139038319 346.11653115205 356.37849711068 368.1022211893 380.22191270324 394.89434704138 461.03114164993 475.88675685436 489.59127875254 503.14754885598 514.80642042565 576.59335823706 589.04289853735 599.317113013 614.16432926524 626.89644526667 691.8405337166 706.47593895788 717.7166612877 731.24169144313 741.48751334286","3742001.1 3742002.1 3742003.1 3742004.1 3742005.1 3748001.1 3748002.1 3748003 3748004 3748005 3754001 3754002 3754003 3754004 3754005 3760001 3760002 3760003 3760004 3760005 3766001 3766002 3766003 3766004 3766005 3772001 3772002 3772003 3772004 3772005 3778001 3778002 3778003 3778004 3778005"
General-89-20260718-16:27:28-5569,vector,Florasat_Individual_Sats.terminal[43].dlk.mac,vector_preds_BiLSTM,,,"1.01426395704 13.1335690245 25.87244017515 37.17185146873 48.60331865492 116.297715466 130.85853107296 142.03106870199 156.87518229032 168.47061972156 231.04582821345 244.44027193217 258.77779783658 273.70697824029 288.07687012573 346.8552918497 359.8883655956 372.47622323199 384.99099283689 397.59523569816 461.9748437393 475.66932950867 490.58972237049 500.81270826747 515.12759081087 576.06220275862 587.89086834993 602.59814805002 616.8582948111 631.67982532876 691.91579562984 704.64253220614 717.71850838466 728.57728496683 739.176350469","3742301.1 3742302.1 3742303.1 3742304.1 3742305.1 3748301.1 3748302.1 3748303 3748304 3748305 3754301 3754302 3754303 3754304 3754305 3760301 3760302 3760303 3760304 3760305 3766301 3766302 3766303 3766304 3766305 3772301 3772302 3772303 3772304 3772305 3778301 3778302 3778303 3778304 3778305"
General-89-20260718-16:27:28-5569,vector,Florasat_Individual_Sats.terminal[3].dlk.mac,vector_preds_BiLSTM,,,"1.0511981782 14.76268802816 27.64655353781 38.61202208488 48.89051812398 116.75539648416 131.21489019622 146.16751960036 160.2128027766 173.76809843606 231.72803496616 245.81659399811 258.89098934037 270.96762890135 283.48674999572 346.28401179356 358.53780148342 369.57661648538 384.49501961494 396.6731801841 461.04833289655 473.50241140951 487.52832224383 500.34819603339 513.38727391465 576.4753701149 586.95344320801 598.14799430035 613.11262836866 624.9347642432 691.71301122243 704.5721456369 718.25851351559 730.07692545607 741.71678198922","3738301.1 3738302.1 3738303.1 3738304.1 3738305.1 3744301.1 3744302.1 3744303 3744304 3744305 3750301 3750302 3750303 3750304 3750305 3756301 3756302 3756303 3756304 3756305 3762301 3762302 3762303 3762304 3762305 3768301 3768302 3768303 3768304 3768305 3774301 3774302 3774303 3774304 3774305"
General-89-20260718-16:27:28-5569,vector,Florasat_Individual_Sats.terminal[7].dlk.mac,vector_preds_BiLSTM,,,"1.06787980627 14.33952616155 27.01680091536 37.20106208208 47.29949689331 116.44042012608 127.58072720585 140.04521107162 153.44508853718 167.49500398385 231.88968878752 246.75505544339 259.87361003459 271.52688387246 283.68132308289 346.07526258216 360.74115380877 375.54631907841 386.45317992544 398.01395826157 461.64164912514 473.41895152558 484.08689605048 496.92868717806 510.58324552117 576.87759737321 587.94673479232 600.0388929348 611.55180762825 624.34083253798 691.65929260105 703.03404662199 716.4955990985 728.11987782153 742.81568905711","3738701.1 3738702.1 3738703.1 3738704.1 3738705.1 3744701.1 3744702.1 3744703 3744704 3744705 3750701 3750702 3750703 3750704 3750705 3756701 3756702 3756703 3756704 3756705 3762701.1 3762702.1 3762703.1 3762704.1 3762705.1 3768701.1 3768702.1 3768703.1 3768704.1 3768705.1 3774701 3774702 3774703 3774704 3774705"
General-89-20260718-16:27:28-5569,vector,Florasat_Individual_Sats.terminal[39].dlk.mac,vector_preds_BiLSTM,,,"1.10804384435 14.88917792077 27.90407294385 41.90293888539 52.96276015324 116.07784721092 127.27616528654 139.58908697729 150.27348704076 161.20845733582 231.06823689211 245.42656675819 257.13205614965 270.31820640456 285.19970995396 346.7978030995 360.4930500295 372.58721940033 383.3533271756 393.96914132917 461.19724261248 473.73528491263 483.96033982536 497.6995376069 509.32845405791 576.41095278994 589.42076026089 600.14970622234 611.95676664681 625.98074251296 691.42208844959 704.32308931905 714.73108307645 724.9943113823 738.9215660696","3741901.1 3741902.1 3741903.1 3741904.1 3741905.1 3747901.1 3747902.1 3747903 3747904 3747905 3753901 3753902 3753903 3753904 3753905 3759901 3759902 3759903 3759904 3759905 3765901 3765902 3765903 3765904 3765905 3771901 3771902 3771903 3771904 3771905 3777901 3777902 3777903 3777904 3777905"
General-89-20260718-16:27:28-5569,vector,Florasat_Individual_Sats.terminal[8].dlk.mac,vector_preds_BiLSTM,,,"1.11962924246 15.59567415621 27.4599622807 37.85999467946 49.08703147085 116.97860271344 131.19894778146 142.08754881075 156.26990311569 170.09103657701 231.66227248521 245.68602328096 256.72274404928 271.05801297259 283.60770884343 346.71404475393 359.72686790792 372.06608610857 386.62611194235 400.60982976389 461.20171215199 471.35869735899 482.80234645517 493.6560502816 504.29463608703 576.22640441195 590.21832887106 602.95206766016 613.92242614435 625.78604237082 691.55857889401 705.1442447335 719.4435488102 732.49947227025 747.1523955448","3738801.1 3738802.1 3738803.1 3738804.1 3738805.1 3744801.1 3744802.1 3744803 3744804 3744805 3750801 3750802 3750803 3750804 3750805 3756801 3756802 3756803 3756804 3756805 3762801.1 3762802.1 3762803.1 3762804.1 3762805.1 3768801.1 3768802.1 3768803.1 3768804.1 3768805.1 3774801 3774802 3774803 3774804 3774805"
General-89-20260718-16:27:28-5569,vector,Florasat_Individual_Sats.terminal[33].dlk.mac,vector_preds_BiLSTM,,,"1.13112418493 11.77599469479 23.41137323808 37.07394789718 48.13388118101 116.06238061911 130.9393352014 141.04457999929 155.83032886847 169.94873911841 231.8012143001 244.81101642177 259.03449642053 271.91787462146 282.67692600307 346.47134038317 356.63430118165 368.16085706162 380.22639005142 394.97108124359 461.23322220519 475.59235729859 489.93298575398 500.31058356398 514.76189615204 576.92690407368 587.01130514126 597.44883514102 611.13140433421 622.53679125779 691.60123162763 702.81333555211 714.41751459241 724.79991956824 737.46234628349","3741301.1 3741302.1 3741303.1 3741304.1 3741305.1 3747301.1 3747302.1 3747303 3747304 3747305 3753301 3753302 3753303 3753304 3753305 3759301 3759302 3759303 3759304 3759305 3765301 3765302 3765303 3765304 3765305 3771301 3771302 3771303 3771304 3771305 3777301 3777302 3777303 3777304 3777305"
General-89-20260718-16:27:28-5569,vector,Florasat_Individual_Sats.terminal[18].dlk.mac,vector_preds_BiLSTM,,,"1.15106932563 13.70651731012 25.58460960142 38.31407745928 52.08652178152 116.03850680008 129.90286751138 141.8498860551 156.78146865172 168.06674694013 231.15223321528 246.09379681456 258.90156113356 273.22524596867 284.51486444147 346.54726197897 356.82344143116 370.66585387755 385.24724330357 398.03726027906 461.4720006932 474.51074774423 489.46443458483 502.46474007191 516.20063658967 576.14580093371 587.63476909441 601.18712348701 613.24893227267 624.49452696788 691.74155511684 705.76189862122 716.00783739495 728.44625305757 742.92185749533","3739801.1 3739802.1 3739803.1 3739804.1 3739805.1 3745801.1 3745802.1 3745803.1 3745804.1 3745805 3751801 3751802 3751803 3751804 3751805 3757801 3757802 3757803 3757804 3757805 3763801 3763802 3763803 3763804 3763805 3769801 3769802 3769803 3769804 3769805 3775801 3775802 3775803 3775804 3775805"
General-89-20260718-16:27:28-5569,vector,Florasat_Individual_Sats.terminal[41].dlk.mac,vector_preds_BiLSTM,,,"1.17387304618 11.70110724238 22.98466418241 33.57739578537 46.90915668104 116.33184730308 126.864223273 140.53008115151 155.40929381735 170.15716822002 231.80203309492 245.76116403076 258.33234002208 268.93615123909 283.34061541571 346.81665606168 359.62996296072 370.90349140763 381.11122738174 394.63427076535 461.59209203837 473.39958750923 487.62979807379 498.49026288768 512.74420430815 576.56673757639 587.04831756698 600.68417571881 613.18938941625 627.23400272941 691.86341234925 704.50523301353 714.70564030203 729.17068203538 743.64293686207","3742101.1 3742102.1 3742103.1 3742104.1 3742105.1 3748101.1 3748102.1 3748103 3748104 3748105 3754101 3754102 3754103 3754104 3754105 3760101 3760102 3760103 3760104 3760105 3766101 3766102 3766103 3766104 3766105 3772101 3772102 3772103 3772104 3772105 3778101 3778102 3778103 3778104 3778105"
General-89-20260718-16:27:28-5569,vector,Florasat_Individual_Sats.terminal[5].dlk.mac,vector_preds_BiLSTM,,,"1.21704925736 13.25495326612 26.75669961679 37.26666588872 47.77114273003 116.90119282808 128.41076796176 139.49710454675 151.90161965671 165.1455121371 231.98109281994 242.40375224547 257.20700181834 268.08626155648 282.82703169668 346.07140047685 356.58338342421 371.47494217009 384.69897318958 398.92075663992 461.69099442218 474.23672869009 487.70971873215 500.00127027182 510.51200608046 576.60046727513 591.27782823402 601.68837836711 613.87812576839 624.34586632299 691.76963013969 702.28017524839 716.9394735645 730.20548793743 744.01166400429","3738501.1 3738502.1 3738503.1 3738504.1 3738505.1 3744501.1 3744502.1 3744503 3744504 3744505 3750501.1 3750502 3750503 3750504 3750505 3756501.1 3756502 3756503 3756504 3756505 3762501 3762502 3762503 3762504 3762505 3768501 3768502 3768503 3768504 3768505 3774501 3774502 3774503 3774504 3774505"
General-89-20260718-16:27:28-5569,vector,Florasat_Individual_Sats.terminal[35].dlk.mac,vector_preds_BiLSTM,,,"1.22709167562 13.20675491262 25.13286342518 37.80227662669 48.09085886715 116.02010413841 127.86119548557 140.49572806409 151.22454828186 163.57203475501 231.0850854537 241.1559985315 254.79280805844 265.59693456208 276.4832715427 346.64721672609 357.99710539705 368.23577767424 381.98852057405 392.4197718345 461.49845873774 475.21055312897 485.46395362192 499.10918582417 511.09180591139 576.78948360449 588.0962143275 598.36679518875 608.67928649485 623.32582912012 691.26950214291 704.41131065157 718.84746453864 730.4969661918 744.4819464793","3741501.1 3741502.1 3741503.1 3741504.1 3741505.1 3747501.1 3747502.1 3747503 3747504 3747505 3753501 3753502 3753503 3753504 3753505 3759501 3759502 3759503 3759504 3759505 3765501.1 3765502.1 3765503 3765504 3765505 3771501 3771502 3771503 3771504 3771505 3777501 3777502 3777503 3777504 3777505"
General-89-20260718-16:27:28-5569,vector,Florasat_Individual_Sats.terminal[32].dlk.mac,vector_preds_BiLSTM,,,"1.22720087925 14.22937844344 28.75690989126 39.04214175348 53.75219516852 116.1626251752 130.43184847221 143.12067162943 155.34666622755 168.4708455298 231.41404123697 242.76773021859 257.58796289633 271.88391000917 285.37118924502 346.0769601611 360.48941439856 372.08197031892 385.86612155684 397.91623673541 461.20140343532 474.12110982789 487.4005521657 500.71816055431 515.58853044618 576.99501335225 589.44925617846 604.30258003599 615.03228843631 626.82289153524 691.81127502769 702.94590807473 717.45751395309 727.53489365638 742.06058589928","3741201.1 3741202.1 3741203.1 3741204.1 3741205.1 3747201.1 3747202.1 3747203 3747204 3747205 3753201.1 3753202.1 3753203.1 3753204.1 3753205 3759201.1 3759202 3759203 3759204 3759205 3765201 3765202 3765203 3765204 3765205 3771201 3771202 3771203 3771204 3771205 3777201 3777202 3777203 3777204 3777205"
General-89-20260718-16:27:28-5569,vector,Florasat_Individual_Sats.terminal[56].dlk.mac,vector_preds_BiLSTM,,,"1.22737139161 13.5169072419 26.91343806731 39.53728036653 53.30447749631 116.40725333383 126.4794700921 137.01333616883 147.1535377358 160.83401199103 231.26579754101 245.68860991089 258.48022479028 269.07819281611 283.56313357176 346.67384036304 359.63607832859 371.76687267679 383.118927398 396.36070449208 461.66117220023 471.88619730017 483.86765418412 497.42788947258 507.47752923589 576.95384730934 587.59314454743 598.29325601342 609.35217536636 624.28385111736 691.3108007987 705.8249460957 719.16436589137 730.91119673616 740.9948948985","3743601.1 3743602.1 3743603.1 3743604.1 3743605.1 3749601.1 3749602.1 3749603 3749604 3749605 3755601 3755602 3755603 3755604 3755605 3761601 3761602 3761603 3761604 3761605 3767601 3767602 3767603 3767604 3767605 3773601.1 3773602.1 3773603.1 3773604.1 3773605.1 3779601.1 3779602.1 3779603.1 3779604.1 3779605.1"
General-89-20260718-16:27:28-5569,vector,Florasat_Individual_Sats.terminal[47].dlk.mac,vector_preds_BiLSTM,,,"1.23262915062 16.10565691372 26.16604609415 39.35982986121 52.8275309573 116.18487176881 130.31322868937 142.42892191443 155.74939327129 167.06407226669 231.55601025443 245.60560018174 259.25931318198 274.10481266678 288.16914458411 346.25623607053 358.56719658337 371.89846298866 383.31643660878 395.56677336431 461.81423807424 474.58894180274 487.91127793398 499.54142654687 513.6594717463 576.87392506236 588.35580752999 603.21280368557 618.17491506878 630.92200174299 691.21063875314 701.83498833724 714.84800982685 728.91941212514 742.34202457057","3742701.1 3742702.1 3742703.1 3742704.1 3742705.1 3748701.1 3748702.1 3748703.1 3748704.1 3748705.1 3754701.1 3754702 3754703 3754704 3754705 3760701 3760702 3760703 3760704 3760705 3766701 3766702 3766703 3766704 3766705 3772701 3772702 3772703 3772704 3772705 3778701 3778702 3778703 3778704 3778705"
General-89-20260718-16:27:28-5569,vector,Florasat_Individual_Sats.terminal[30].dlk.mac,vector_preds_BiLSTM,,,"1.26288277144 12.27887904318 26.17626986746 39.67700256198 51.9922281981 116.29945653793 128.62896846211 141.37432184489 155.91923367767 168.0368411641 231.99569147546 246.37969207717 259.28409104701 273.79485350801 285.81387001206 346.13835243648 358.19638772775 370.02509488515 381.48293138622 395.25353636966 461.98553436762 474.98576221732 486.62751779869 497.70371257305 510.57257170534 576.49142334051 590.81672353833 604.28348499862 616.37229660106 628.34929086896 691.63934329152 701.70556708332 712.14526100061 726.37975685625 739.87900891901","3741001.1 3741002.1 3741003.1 3741004.1 3741005.1 3747001.1 3747002.1 3747003 3747004 3747005 3753001.1 3753002.1 3753003.1 3753004.1 3753005 3759001 3759002 3759003 3759004 3759005 3765001 3765002 3765003 3765004 3765005 3771001 3771002 3771003 3771004 3771005 3777001 3777002 3777003 3777004 3777005"
General-89-20260718-16:27:28-5569,vector,Florasat_Individual_Sats.terminal[50].dlk.mac,vector_preds_BiLSTM,,,"1.27133408608 16.19859123067 28.54471648508 41.09216175438 54.54478543648 116.23794626701 127.13924631384 137.60451001954 150.60640805541 160.99266925035 231.05073141004 245.05347984564 257.82687850832 269.76204291987 283.50582341617 346.947343793 359.75606937893 371.58592529944 382.30392054771 392.52817455912 461.63637666148 474.14470882504 484.30151824956 494.72507863888 506.33453607094 576.02812734665 588.53088742355 599.23157948535 610.72128990316 622.93062373297 691.94760841131 702.237367308 715.86348983506 729.15813950636 739.6004021254","3743001.1 3743002.1 3743003.1 3743004.1 3743005.1 3749001.1 3749002.1 3749003 3749004 3749005 3755001 3755002 3755003 3755004 3755005 3761001 3761002 3761003 3761004 3761005 3767001 3767002 3767003 3767004 3767005 3773001 3773002 3773003 3773004 3773005 3779001 3779002 3779003 3779004 3779005"
General-89-20260718-16:27:28-5569,vector,Florasat_Individual_Sats.terminal[52].dlk.mac,vector_preds_BiLSTM,,,"1.27809432708 13.21143307281 27.03571368149 40.00254854002 54.89592358261 116.64125205716 128.91321774106 140.48847586032 155.45576188712 170.37915826192 231.72666088119 244.82731048623 259.82145691896 271.34354531672 282.80620733882 346.37646774924 358.50329573196 371.30246004136 385.4932436957 399.09446554887 461.64367978415 472.68782903627 486.77573388629 500.74347531027 511.14938249648 576.21135171154 590.37986591575 601.78955501528 612.81065312797 624.49570611353 691.46264067967 701.82451374363 712.11036776309 725.81307125278 737.97089219094","3743201.1 3743202.1 3743203.1 3743204.1 3743205.1 3749201.1 3749202.1 3749203 3749204 3749205 3755201 3755202 3755203 3755204 3755205 3761201 3761202 3761203 3761204 3761205 3767201 3767202 3767203 3767204 3767205 3773201 3773202 3773203 3773204 3773205 3779201 3779202 3779203 3779204 3779205"
General-89-20260718-16:27:28-5569,vector,Florasat_Individual_Sats.terminal[16].dlk.mac,vector_preds_BiLSTM,,,"1.28762164828 16.07604958326 28.80159277329 41.01924142893 55.93610397749 116.00118683069 127.76665090001 140.71503441431 154.41377475857 165.62825580942 231.58905906766 245.96117469529 257.53118153359 270.97944543977 281.67283958803 346.24496436352 360.25361448783 374.6609540321 385.04281471042 395.95699979948 461.40712360293 471.5229842302 484.12656050432 498.38217066974 512.56721060514 576.59143619216 588.22615328687 602.96331949625 617.8776024396 631.92663253145 691.51261939248 702.21729256026 713.47522287559 726.52326624421 740.69071815046","3739601.1 3739602.1 3739603.1 3739604.1 3739605.1 3745601.1 3745602.1 3745603 3745604 3745605 3751601 3751602 3751603 3751604 3751605 3757601 3757602 3757603 3757604 3757605 3763601 3763602 3763603 3763604 3763605 3769601 3769602 3769603 3769604 3769605 3775601 3775602 3775603 3775604 3775605"
General-89-20260718-16:27:28-5569,vector,Florasat_Individual_Sats.terminal[34].dlk.mac,vector_preds_BiLSTM,,,"1.2891479847 12.32848355407 24.15814498067 39.08213493973 51.67652320908 116.00351133617 126.14468559856 137.83952892409 151.97805043077 164.49311191682 231.96117082797 244.65580298402 255.01813600491 266.17280835122 278.13710250844 346.26719175372 358.65073023713 369.50304534985 380.80909574288 392.12542532245 461.11408625869 471.62958597555 483.73911864264 498.00463885907 510.19302327093 576.424534566 588.37096168147 601.74253029003 615.61349740088 628.49309781402 691.42157629854 703.77925813338 715.05627035303 725.89032809157 736.53120846395","3741401.1 3741402.1 3741403.1 3741404.1 3741405.1 3747401.1 3747402.1 3747403 3747404 3747405 3753401 3753402 3753403 3753404 3753405 3759401 3759402 3759403 3759404 3759405 3765401 3765402 3765403 3765404 3765405 3771401 3771402 3771403 3771404 3771405 3777401 3777402 3777403 3777404 3777405"
General-89-20260718-16:27:28-5569,vector,Florasat_Individual_Sats.terminal[1].dlk.mac,vector_preds_BiLSTM,,,"1.30533288885 15.0078733901 29.09940428752 40.88328187889 54.38558484264 116.51766426302 126.74012869619 140.41205716924 154.75139914452 165.33643321506 231.30623715464 245.77236432931 257.15654325089 270.97155699273 282.75753847556 346.2345583078 358.7440905096 371.44773410913 386.01703374344 399.16267970856 461.15597926104 475.43288140116 487.9782480714 501.0949347776 512.80181129487 576.14829576318 590.49365367833 604.2045888896 617.25441796332 627.57347865006 691.06024618656 705.34514172165 716.72866344963 730.67569928755 742.96547634922","3738101.1 3738102.1 3738103.1 3738104.1 3738105.1 3744101.1 3744102.1 3744103 3744104 3744105 3750101.1 3750102.1 3750103 3750104 3750105 3756101.1 3756102 3756103 3756104 3756105 3762101 3762102 3762103 3762104 3762105 3768101 3768102 3768103 3768104 3768105 3774101 3774102 3774103 3774104 3774105"
General-89-20260718-16:27:28-5569,vector,Florasat_Individual_Sats.terminal[22].dlk.mac,vector_preds_BiLSTM,,,"1.33759571193 15.02623208054 27.32932918892 39.769639235 50.48408126762 116.24616627721 129.82307967637 142.78263212438 154.49053586135 164.86614111252 231.70800991752 245.2136617112 255.90045053093 266.36732632458 277.88265242871 346.56273177546 357.51076282305 372.0049585863 382.57791293505 396.89315127045 461.68995164195 471.83347650082 485.72102266923 498.42406055169 512.98518796778 576.10740948771 588.87403070414 602.58727842778 615.36185115528 626.07047684792 691.65937148524 703.7136643068 715.10857818672 725.5905678405 738.02916221926","3740201.1 3740202.1 3740203.1 3740204.1 3740205.1 3746201.1 3746202.1 3746203 3746204 3746205 3752201 3752202 3752203 3752204 3752205 3758201 3758202 3758203 3758204 3758205 3764201 3764202 3764203 3764204 3764205 3770201 3770202 3770203 3770204 3770205 3776201 3776202 3776203 3776204 3776205"
General-89-20260718-16:27:28-5569,vector,Florasat_Individual_Sats.terminal[49].dlk.mac,vector_preds_BiLSTM,,,"1.33983661793 16.13507152092 26.65120548358 37.49754420038 51.92951407655 116.24523376278 128.00478987326 142.57976455311 156.94733223924 168.33837851695 231.3442659087 241.88765877508 256.27299470943 267.26147880661 282.1262076369 346.39167953259 356.55765195354 368.59667043178 383.57886099466 397.75436438713 461.46548109967 474.99534190772 487.94897319889 500.01389673469 513.08183847252 576.24568729359 587.09802327259 598.4920613647 610.74633957516 621.6756045241 691.67171351356 704.71430207929 718.58502387163 731.43023324991 745.68870092719","3742901.1 3742902.1 3742903.1 3742904.1 3742905.1 3748901.1 3748902.1 3748903 3748904 3748905 3754901 3754902 3754903 3754904 3754905 3760901 3760902 3760903 3760904 3760905 3766901 3766902 3766903 3766904 3766905 3772901 3772902 3772903 3772904 3772905 3778901 3778902 3778903 3778904 3778905"
General-89-20260718-16:27:28-5569,vector,Florasat_Individual_Sats.terminal[25].dlk.mac,vector_preds_BiLSTM,,,"1.35290261032 13.81376645202 25.84872114146 37.50116668432 49.14777803491 116.1810208424 127.15041812952 141.50532874954 152.16261847969 165.52455164003 231.45309738209 246.43546334793 258.21864328439 272.48360099014 286.82286205212 346.47267482011 358.28895917861 368.43733028043 381.7072041193 395.38597750244 461.04481039755 475.29760583607 486.76304056845 498.20420663292 510.87904817495 576.97010359843 587.71996148163 601.95531709818 614.34870080091 624.85937663121 691.86801679106 705.87288134638 718.74346405407 732.59410571097 744.46548251807","3740501.1 3740502.1 3740503.1 3740504.1 3740505.1 3746501.1 3746502.1 3746503 3746504 3746505 3752501 3752502 3752503 3752504 3752505 3758501 3758502 3758503 3758504 3758505 3764501 3764502 3764503 3764504 3764505 3770501 3770502 3770503 3770504 3770505 3776501 3776502 3776503 3776504 3776505"
General-89-20260718-16:27:28-5569,vector,Florasat_Individual_Sats.terminal[17].dlk.mac,vector_preds_BiLSTM,,,"1.35301859747 12.79070330016 26.84291531961 38.32925293525 52.79157166649 116.09807721432 130.64348574937 142.10073565459 156.49591710046 171.04978471855 231.84096679674 242.14365607244 252.30806170846 266.37951466604 280.38209514925 346.94399020309 359.69205801748 372.76777426619 387.34728247183 402.25791754806 461.54473098204 473.43694069515 486.68443764652 498.44535790243 509.95291272387 576.34770822804 591.2050599067 603.646646498 617.02630435093 631.88475891575 691.53439210495 702.38210212672 714.40374534926 727.53606668091 740.16247974941","3739701.1 3739702.1 3739703.1 3739704.1 3739705.1 3745701.1 3745702.1 3745703.1 3745704.1 3745705.1 3751701.1 3751702.1 3751703 3751704 3751705 3757701 3757702 3757703 3757704 3757705 3763701 3763702 3763703 3763704 3763705 3769701 3769702 3769703 3769704 3769705 3775701 3775702 3775703 3775704 3775705"
General-89-20260718-16:27:28-5569,vector,Florasat_Individual_Sats.terminal[23].dlk.mac,vector_preds_BiLSTM,,,"1.3749865077 12.56837704056 26.09924258618 37.64773633401 47.85617467668 116.03342645918 127.22796672722 138.9719165815 150.08924845606 160.37096839514 231.56060500001 243.66417197674 257.2882663149 270.09258841445 283.758070105 346.73591737403 358.8536748488 372.96496177442 384.48505845154 395.39016752737 461.23306486802 471.32562811067 481.94067030959 493.00131826825 507.93454806018 576.69162950572 589.11212107377 603.99181285036 614.9932770522 626.12533656044 691.95275875344 706.25310876593 719.19914714596 729.5347261494 744.04422422591","3740301.1 3740302.1 3740303.1 3740304.1 3740305.1 3746301.1 3746302.1 3746303 3746304 3746305 3752301 3752302 3752303 3752304 3752305 3758301 3758302 3758303 3758304 3758305 3764301 3764302 3764303 3764304 3764305 3770301 3770302 3770303 3770304 3770305 3776301 3776302 3776303 3776304 3776305"
General-89-20260718-16:27:28-5569,vector,Florasat_Individual_Sats.terminal[6].dlk.mac,vector_preds_BiLSTM,,,"1.44701354043 14.35132014403 27.88912682399 39.38074858231 50.27273997851 116.73998046643 127.64335312159 139.5370748858 152.55005739257 163.80099414708 231.76335097104 243.82427427498 257.06478108349 267.1677899179 281.25059693166 346.31320335786 359.62149407482 372.40231574862 385.84450295777 398.53554539033 461.27981018019 474.02577807522 484.13504240197 495.0518954415 507.11374225888 576.6283590172 589.14424277028 600.83599429113 613.58735585353 626.53663141071 691.63927479996 703.40341045987 714.63561417884 726.27807377139 737.62803410296","3738601.1 3738602.1 3738603.1 3738604.1 3738605.1 3744601.1 3744602.1 3744603 3744604 3744605 3750601 3750602 3750603 3750604 3750605 3756601 3756602 3756603 3756604 3756605 3762601.1 3762602.1 3762603.1 3762604.1 3762605.1 3768601.1 3768602.1 3768603.1 3768604.1 3768605.1 3774601.1 3774602.1 3774603.1 3774604.1 3774605.1"
General-89-20260718-16:27:28-5569,vector,Florasat_Individual_Sats.terminal[24].dlk.mac,vector_preds_BiLSTM,,,"1.44923193962 11.97698933538 23.35096527822 34.63414750178 47.94164551538 116.53854968515 127.03174268035 138.98265317338 150.22415031818 163.01229431433 231.30782096297 246.16943289292 256.77443129126 269.13346531218 279.66115347924 346.64596113306 359.21498234896 370.06080818758 384.75677201454 395.31587455235 461.36633979599 473.87481441582 488.80674570776 499.71793014999 511.00489126728 576.79766011075 587.36904986552 599.82440911583 609.93905444164 623.95295916475 691.74734732904 705.02771751675 717.82647534226 728.9675942955 743.84847469464","3740401.1 3740402.1 3740403.1 3740404.1 3740405.1 3746401.1 3746402.1 3746403 3746404 3746405 3752401 3752402 3752403 3752404 3752405 3758401 3758402 3758403 3758404 3758405 3764401 3764402 3764403 3764404 3764405 3770401 3770402 3770403 3770404 3770405 3776401 3776402 3776403 3776404 3776405"
General-89-20260718-16:27:28-5569,vector,Florasat_Individual_Sats.terminal[19].dlk.mac,vector_preds_BiLSTM,,,"1.46416907967 15.67698531854 28.62966837315 42.79587755166 57.06933934777 116.94220495992 127.14963105274 137.84386945888 152.23156900145 164.58674690802 231.87652401323 243.42723780358 253.98528406676 267.80613345956 278.28214137978 346.28478162992 358.27513879817 369.41374604078 380.61703915079 392.30292342324 461.39363312325 473.70215196674 487.31868843827 501.85826025251 514.11781334248 576.59996038349 586.65702697285 598.42567904666 611.82575644273 623.76038412144 691.49536061031 703.81713948026 714.67599099781 728.61260044668 739.50466797967","3739901.1 3739902.1 3739903.1 3739904.1 3739905.1 3745901.1 3745902.1 3745903 3745904 3745905 3751901 3751902 3751903 3751904 3751905 3757901 3757902 3757903 3757904 3757905 3763901 3763902 3763903 3763904 3763905 3769901 3769902 3769903 3769904 3769905 3775901 3775902 3775903 3775904 3775905"
General-89-20260718-16:27:28-5569,vector,Florasat_Individual_Sats.terminal[53].dlk.mac,vector_preds_BiLSTM,,,"1.46701051784 12.98679671181 25.53492367315 37.29566018959 51.48755449499 116.72803767351 129.97097633755 143.14472496253 156.45007323799 169.88980733067 231.80178856663 245.45860750204 259.10302782035 273.18829244305 286.76642823685 346.37654543342 361.35100506665 375.38339206786 387.32263424038 401.05313189165 461.20701095974 474.19968237355 487.48956999229 499.96783849038 510.9074783693 576.9308766122 588.04780037306 599.17398829526 613.05850856286 625.34592447384 691.56558902771 705.33769061276 715.88494518957 726.63278955919 736.92566302325","3743301.1 3743302.1 3743303.1 3743304.1 3743305.1 3749301.1 3749302.1 3749303 3749304 3749305 3755301 3755302 3755303 3755304 3755305 3761301 3761302 3761303 3761304 3761305 3767301 3767302 3767303 3767304 3767305 3773301 3773302 3773303 3773304 3773305 3779301 3779302 3779303 3779304 3779305"
General-89-20260718-16:27:28-5569,vector,Florasat_Individual_Sats.terminal[31].dlk.mac,vector_preds_BiLSTM,,,"1.49861307535 15.86038181977 28.72619286482 38.93717633514 51.52404636797 116.79209700995 127.61808918998 138.58257037098 150.1754797108 161.39869777346 231.05895866733 245.36177143548 257.66907895194 270.16525991704 283.47730059853 346.55130348145 360.11415743362 370.98083959753 384.13356321841 396.09830100299 461.66993615939 474.23064466007 487.68082815362 501.20038410323 514.43764973455 576.43721496733 587.80055015977 598.75589213963 609.48844438582 622.77385310666 691.58973226091 702.39174999995 714.17653574026 728.67844371125 743.04619851755","3741101.1 3741102.1 3741103.1 3741104.1 3741105.1 3747101.1 3747102.1 3747103 3747104 3747105 3753101.1 3753102.1 3753103.1 3753104 3753105 3759101.1 3759102 3759103 3759104 3759105 3765101 3765102 3765103 3765104 3765105 3771101 3771102 3771103 3771104 3771105 3777101 3777102 3777103 3777104 3777105"
General-89-20260718-16:27:28-5569,vector,Florasat_Individual_Sats.terminal[26].dlk.mac,vector_preds_BiLSTM,,,"1.50248974352 12.04053459945 22.99236684828 37.98706190917 49.83614782826 116.33610219532 128.34252194339 138.56804258726 151.35685367464 165.78791797697 231.7235971156 244.72595854848 258.3664512583 269.1060554115 283.76582926208 346.56517195445 357.80190156004 371.80007221922 384.36535347649 397.51892830874 461.2888012256 473.22117717005 487.44906704407 501.25150236767 511.78424381302 576.60672542709 589.93287959206 602.53828489524 613.29955777223 627.62986159138 691.12822253699 703.86667984747 718.78237155475 731.15535599505 741.25995983579","3740601.1 3740602.1 3740603.1 3740604.1 3740605.1 3746601.1 3746602.1 3746603 3746604 3746605 3752601 3752602 3752603 3752604 3752605 3758601 3758602 3758603 3758604 3758605 3764601 3764602 3764603 3764604 3764605 3770601 3770602 3770603 3770604 3770605 3776601 3776602 3776603 3776604 3776605"
General-89-20260718-16:27:28-5569,vector,Florasat_Individual_Sats.terminal[45].dlk.mac,vector_preds_BiLSTM,,,"1.51150518097 13.30597663997 24.4367731316 39.1956863855 50.17604070832 116.66407751106 128.36139234784 140.18918644357 150.96592524275 164.15099358489 231.30334127997 244.06629487243 254.18302833056 267.39752159291 279.86077089049 346.98148896103 357.63107226929 368.53082051734 379.40771342139 391.90963322646 461.38542731362 472.24431392341 484.82174159098 498.19889918156 511.50805529044 576.13194189104 588.2503334789 598.5468630325 610.54177839611 624.79407182731 691.21483610175 704.56029809826 718.39478123398 731.17018885143 746.11797257723","3742501.1 3742502.1 3742503.1 3742504.1 3742505.1 3748501.1 3748502.1 3748503 3748504 3748505 3754501 3754502 3754503 3754504 3754505 3760501 3760502 3760503 3760504 3760505 3766501 3766502 3766503 3766504 3766505 3772501 3772502 3772503 3772504 3772505 3778501 3778502 3778503 3778504 3778505"
General-89-20260718-16:27:28-5569,vector,Florasat_Individual_Sats.terminal[48].dlk.mac,vector_preds_BiLSTM,,,"1.55058033415 14.934839739 28.60410599387 43.37272098521 56.92977922503 116.7328114002 127.52588125155 141.08360259421 155.65786762838 167.92671046429 231.94226275315 242.09691356984 256.00235296181 268.98678916041 280.2327456302 346.91230930574 360.67588137416 373.90579933952 386.69272755342 398.69467049441 461.79305233946 473.57463492267 485.85716195009 498.26327761007 511.25064907666 576.76980524184 589.41161187808 603.70925549511 614.99691924057 628.9022079003 691.62771109492 705.87888891227 717.36145037809 731.8427663087 743.58315491002","3742801.1 3742802.1 3742803.1 3742804.1 3742805.1 3748801.1 3748802.1 3748803 3748804 3748805 3754801 3754802 3754803 3754804 3754805 3760801 3760802 3760803 3760804 3760805 3766801 3766802 3766803 3766804 3766805 3772801 3772802 3772803 3772804 3772805 3778801 3778802 3778803 3778804 3778805"
General-89-20260718-16:27:28-5569,vector,Florasat_Individual_Sats.terminal[55].dlk.mac,vector_preds_BiLSTM,,,"1.56208386621 13.0717708168 25.65101576479 39.60390401281 52.50831062532 116.65726748062 130.14560402487 141.92235430353 155.5927799223 169.48863406084 231.27701243153 244.62735522306 258.38660412585 271.98390893872 283.77548786463 346.80111761787 359.4515470101 370.44120017904 380.5031938164 391.47997572203 461.24885425041 473.92715274891 486.336653508 498.68791983764 509.01577462045 576.77915348951 591.2014031508 602.32838825835 615.01925362554 628.80048757117 691.66338667274 703.00323730102 716.59293623059 729.39920996781 743.79994287621","3743501.1 3743502.1 3743503.1 3743504.1 3743505.1 3749501.1 3749502.1 3749503 3749504 3749505 3755501 3755502 3755503 3755504 3755505 3761501 3761502 3761503 3761504 3761505 3767501 3767502 3767503 3767504 3767505 3773501 3773502 3773503 3773504 3773505 3779501 3779502 3779503 3779504 3779505"
General-89-20260718-16:27:28-5569,vector,Florasat_Individual_Sats.terminal[9].dlk.mac,vector_preds_BiLSTM,,,"1.57534221839 16.16190630663 31.12844202388 45.89553398848 60.13753391755 116.93042991031 129.90585703915 142.21202951088 155.03981736652 169.70971798688 231.73516126233 246.16581646493 259.40630706493 274.01277756901 287.551899408 346.92204879737 358.11589114974 371.60491480516 383.41555243266 394.07776621544 461.41776450747 476.08452807134 490.68397649983 502.12022198434 513.5082767969 576.44189374591 590.75476999697 601.40604859055 614.38379534706 625.60074107442 691.90956896544 703.89753345773 714.47159484169 727.28139285371 738.54108793685","3738901.1 3738902.1 3738903.1 3738904.1 3738905.1 3744901.1 3744902.1 3744903 3744904 3744905 3750901 3750902 3750903 3750904 3750905 3756901 3756902 3756903 3756904 3756905 3762901 3762902 3762903 3762904 3762905 3768901 3768902 3768903 3768904 3768905 3774901 3774902 3774903 3774904 3774905"
General-89-20260718-16:27:28-5569,vector,Florasat_Individual_Sats.terminal[15].dlk.mac,vector_preds_BiLSTM,,,"1.58852275042 16.50279447483 29.00706306147 43.85728361598 57.22849473987 116.50783481682 127.9446572219 138.15938890236 149.76141530927 162.67165004299 231.50322705205 243.2353239418 254.96124619082 268.93975756759 279.22980585414 346.18984108907 356.53542765416 366.66438772576 377.23230776261 389.87465768238 461.05822145822 474.28592258249 485.58859029435 499.04283893993 512.27028440335 576.37022949662 587.10906044487 598.51363225165 608.77661478613 619.35880287574 691.04054741492 703.28057209892 716.7136641515 728.06534349965 739.40842522122","3739501.1 3739502.1 3739503.1 3739504.1 3739505.1 3745501.1 3745502.1 3745503 3745504 3745505 3751501 3751502 3751503 3751504 3751505 3757501 3757502 3757503 3757504 3757505 3763501 3763502 3763503 3763504 3763505 3769501 3769502 3769503 3769504 3769505 3775501 3775502 3775503 3775504 3775505"
General-89-20260718-16:27:28-5569,vector,Florasat_Individual_Sats.terminal[51].dlk.mac,vector_preds_BiLSTM,,,"1.59264520137 15.64324905258 28.48096043896 39.00327287358 53.39905681065 116.67645121063 128.03013255424 141.61861946993 153.19976191223 166.19764362183 231.94091694825 243.68867537984 256.24276956124 266.54136916552 277.14799583121 346.06062266626 357.87243789876 368.80676089552 379.09859474631 392.79738649725 461.52736124303 475.50050518312 487.88824272877 498.69029597449 512.59515371243 576.46878656093 587.32271334599 600.43915287452 612.63019885845 626.31591024437 691.9803603543 703.31625789777 715.23614267493 726.87336767 738.13867720799","3743101.1 3743102.1 3743103.1 3743104.1 3743105.1 3749101.1 3749102.1 3749103 3749104 3749105 3755101 3755102 3755103 3755104 3755105 3761101 3761102 3761103 3761104 3761105 3767101 3767102 3767103 3767104 3767105 3773101 3773102 3773103 3773104 3773105 3779101 3779102 3779103 3779104 3779105"
General-89-20260718-16:27:28-5569,vector,Florasat_Individual_Sats.terminal[27].dlk.mac,vector_preds_BiLSTM,,,"1.60584700783 15.99978881562 26.96317148302 39.25116147637 50.54572582967 116.43071634532 129.99018105399 144.41879322822 154.82396690128 168.75524186133 231.91574772215 242.81223804201 253.08090149635 263.92336306605 277.70028647944 346.52839958132 358.47264106781 370.77513431944 383.08544554096 393.70905792038 461.15708999196 473.73758879583 484.62760679167 498.01231777737 512.88427565688 576.88364589517 591.2283063475 605.35300994454 619.04869671142 630.13254643813 691.97077171691 706.06132444972 716.39269094611 728.58527906984 742.81939921481","3740701.1 3740702.1 3740703.1 3740704.1 3740705.1 3746701.1 3746702.1 3746703 3746704 3746705 3752701 3752702 3752703 3752704 3752705 3758701 3758702 3758703 3758704 3758705 3764701 3764702 3764703 3764704 3764705 3770701 3770702 3770703 3770704 3770705 3776701 3776702 3776703 3776704 3776705"
General-89-20260718-16:27:28-5569,vector,Florasat_Individual_Sats.terminal[37].dlk.mac,vector_preds_BiLSTM,,,"1.61944065429 15.75240857736 27.14348649559 41.58063669293 54.84651559801 116.29367128527 129.21889243345 142.11656225659 156.75033561932 171.3783234281 231.10659429315 245.21604710701 259.34492121427 273.97695936821 287.78198716207 346.49328840245 358.32126591285 371.86521233921 386.82571084169 400.19772836752 461.71277751378 472.94606452505 485.26186279184 499.76839386555 510.67914265371 576.05150057748 587.27678340673 600.44513286603 614.03588799922 627.55502092465 691.57213633321 706.49926903331 718.14108214597 729.42074092943 740.63625289267","3741701.1 3741702.1 3741703.1 3741704.1 3741705.1 3747701.1 3747702.1 3747703 3747704 3747705 3753701 3753702 3753703 3753704 3753705 3759701 3759702 3759703 3759704 3759705 3765701.1 3765702.1 3765703.1 3765704.1 3765705.1 3771701.1 3771702.1 3771703.1 3771704.1 3771705.1 3777701 3777702 3777703 3777704 3777705.1"
General-89-20260718-16:27:28-5569,vector,Florasat_Individual_Sats.terminal[20].dlk.mac,vector_preds_BiLSTM,,,"1.63636511704 14.28711511591 24.78241393157 37.76985880733 48.90672168858 116.14669137262 127.21398098371 138.18986841221 152.17293685162 164.46363127534 231.69968520151 246.38779474399 256.88359328872 271.73516677553 285.01146301022 346.71717665577 361.07390023139 373.52995158359 385.90588472271 400.8907093103 461.49113193387 473.61759325722 485.79819793114 498.54670364409 513.40632958803 576.03691181913 587.43696578592 598.80508867023 613.34928714834 625.05360097905 691.52265149914 701.57260396565 715.10112477164 726.66979717021 737.14706299873","3740001.1 3740002.1 3740003.1 3740004.1 3740005.1 3746001.1 3746002.1 3746003 3746004 3746005 3752001 3752002 3752003 3752004 3752005 3758001 3758002 3758003 3758004 3758005 3764001 3764002 3764003 3764004 3764005 3770001 3770002 3770003 3770004 3770005 3776001 3776002 3776003 3776004 3776005"
General-89-20260718-16:27:28-5569,vector,Florasat_Individual_Sats.terminal[46].dlk.mac,vector_preds_BiLSTM,,,"1.64549168595 13.37553535984 24.72243425716 36.95261378121 48.62493218552 116.46506758686 128.35990277282 142.06044834736 155.87796224561 168.10405309592 231.43134055124 241.76677264902 253.99437803123 266.18230031617 279.01205661288 346.29865113925 360.40407243464 374.09069852368 384.56786680431 394.85326973651 461.84593558148 474.88522138632 489.81687745032 501.28451467444 513.96239844918 576.42098228028 589.42490489851 600.40945565608 610.75446203398 624.88165510865 691.2358515244 703.26838349924 716.99520746829 731.19641594473 743.05745831691","3742601.1 3742602.1 3742603.1 3742604.1 3742605.1 3748601.1 3748602.1 3748603 3748604 3748605 3754601 3754602 3754603 3754604 3754605 3760601 3760602 3760603 3760604 3760605 3766601 3766602 3766603 3766604 3766605 3772601 3772602 3772603 3772604 3772605 3778601 3778602 3778603 3778604 3778605"
General-89-20260718-16:27:28-5569,vector,Florasat_Individual_Sats.terminal[42].dlk.mac,vector_preds_BiLSTM,,,"1.6459735895 12.96571070258 27.65637930063 40.15719930105 53.17860333062 116.03804596048 129.88113801042 140.81406407454 154.54336734069 164.97077329712 231.10764740431 246.10023000092 257.48195940792 269.22050997895 283.99533843902 346.45298920223 359.84700004454 372.92031903053 383.87346394477 396.39692524914 461.60106738401 476.49621214322 489.13477117382 502.67381517868 515.19755613594 576.36696595838 588.65040893922 600.28345578489 611.06667845067 622.90982907079 691.32944972068 702.73498600628 716.163568496 728.35166250402 742.1533552946","3742201.1 3742202.1 3742203.1 3742204.1 3742205.1 3748201.1 3748202.1 3748203 3748204 3748205 3754201 3754202 3754203 3754204 3754205 3760201 3760202 3760203 3760204 3760205 3766201 3766202 3766203 3766204 3766205 3772201 3772202 3772203 3772204 3772205 3778201 3778202 3778203 3778204 3778205"
General-89-20260718-16:27:28-5569,vector,Florasat_Individual_Sats.terminal[10].dlk.mac,vector_preds_BiLSTM,,,"1.69410424284 13.01493691257 23.60809593089 35.73670482822 50.05046698824 116.852145307 131.31209748355 143.83644141513 155.0271379624 167.05794967152 231.79274753155 246.66646542679 257.31077235494 271.80022079567 284.7434902687 346.53361013834 358.17217040783 372.21552675333 383.88613025867 396.99156544613 461.87361384998 476.5298962642 488.67425933969 502.30339525873 512.7210496869 576.73694381327 591.42915200279 604.24962434056 615.12608725531 627.08460011473 691.45718727726 704.26058719051 718.86809416697 733.49369516596 745.61419323319","3739001.1 3739002.1 3739003.1 3739004.1 3739005.1 3745001.1 3745002.1 3745003 3745004 3745005 3751001 3751002 3751003 3751004 3751005 3757001 3757002 3757003 3757004 3757005 3763001 3763002 3763003 3763004 3763005 3769001 3769002 3769003 3769004 3769005 3775001 3775002 3775003 3775004 3775005"
General-89-20260718-16:27:28-5569,vector,Florasat_Individual_Sats.terminal[14].dlk.mac,vector_preds_BiLSTM,,,"1.71758676367 16.02304047276 26.84884861996 36.91420908388 50.29315193835 116.28611939563 129.47752974415 140.75889729848 153.26159546687 163.56470544659 231.13093978795 242.28486776189 254.54131830204 267.52991785831 278.51038148115 346.45952142263 357.43562506233 372.31294093142 382.37129430939 392.97622291092 461.73299639905 473.93492522952 484.08945084386 494.77056418848 509.30790603929 576.47143516154 586.47412921465 598.54408275499 612.43158303015 626.36530634062 691.92289158539 706.75153420842 717.50375336688 730.38555228687 742.45374785806","3739401.1 3739402.1 3739403.1 3739404.1 3739405.1 3745401.1 3745402.1 3745403 3745404 3745405 3751401.1 3751402 3751403 3751404 3751405 3757401 3757402 3757403 3757404 3757405 3763401 3763402 3763403 3763404 3763405 3769401 3769402 3769403 3769404 3769405 3775401 3775402 3775403 3775404 3775405"
General-89-20260718-16:27:28-5569,vector,Florasat_Individual_Sats.terminal[4].dlk.mac,vector_preds_BiLSTM,,,"1.71892222599 11.83665650198 23.9264354459 35.29699149774 49.80734316399 116.24988510367 127.19258040283 140.59499497269 154.53863246925 167.18090653512 231.02355818008 244.54302554112 255.39628486591 270.33860482717 284.7036926248 346.11280873627 357.82627241662 368.16517549659 379.83018261123 392.71173407299 461.71355199651 475.00724725425 489.97499322169 503.66634116391 518.52343488484 576.36012302223 586.80252998695 597.77210246516 609.92396605295 621.1512511035 691.96801213035 706.93626774544 720.75358323705 734.46767131052 747.73880404838","3738401.1 3738402.1 3738403.1 3738404.1 3738405.1 3744401.1 3744402.1 3744403 3744404 3744405 3750401 3750402 3750403 3750404 3750405 3756401 3756402 3756403 3756404 3756405 3762401.1 3762402.1 3762403.1 3762404.1 3762405.1 3768401.1 3768402.1 3768403.1 3768404.1 3768405.1 3774401 3774402 3774403 3774404 3774405"
General-89-20260718-16:27:28-5569,vector,Florasat_Individual_Sats.terminal[38].dlk.mac,vector_preds_BiLSTM,,,"1.74320625141 14.71285921754 27.70550724235 38.08650490711 50.02444644458 116.77253882098 130.10552053736 142.99873163621 154.04374237917 167.14023006311 231.90318337781 244.17085388815 258.07122115302 268.88685146021 281.39965998382 346.93816696573 358.13417021465 368.25010586577 378.58451372874 391.74707633257 461.94105845806 474.13864644524 487.23892250262 500.15054391977 513.8461250607 576.17391471379 588.85981322593 599.47214595718 612.58770037653 627.28633397353 691.16865153029 705.01420845115 716.13305586693 727.96199458023 740.30732000783","3741801.1 3741802.1 3741803.1 3741804.1 3741805.1 3747801.1 3747802.1 3747803 3747804 3747805 3753801 3753802 3753803 3753804 3753805 3759801 3759802 3759803 3759804 3759805 3765801.1 3765802.1 3765803.1 3765804.1 3765805.1 3771801.1 3771802.1 3771803.1 3771804.1 3771805.1 3777801.1 3777802.1 3777803.1 3777804.1 3777805.1"
General-89-20260718-16:27:28-5569,vector,Florasat_Individual_Sats.terminal[29].dlk.mac,vector_preds_BiLSTM,,,"1.7458436396 15.0498589864 28.45843009325 41.29638317647 52.70871724957 116.0853293445 129.15103264503 142.0204227185 152.11826956483 166.40465702746 231.73794927611 242.71854723291 256.55113957892 270.80524911824 282.78692263248 346.90719524468 360.42351827677 372.19369344599 386.28396702185 398.64464752795 461.25451493217 474.33684569109 489.31621209393 499.50506979973 512.61287053023 576.5232778783 590.36129692104 603.65541458596 614.14008004242 626.4545236365 691.82600095682 702.10456295335 714.31267831172 726.6263221337 741.36893071747","3740901.1 3740902.1 3740903.1 3740904.1 3740905.1 3746901.1 3746902.1 3746903 3746904 3746905 3752901 3752902 3752903 3752904 3752905 3758901 3758902 3758903 3758904 3758905 3764901 3764902 3764903 3764904 3764905 3770901 3770902 3770903 3770904 3770905 3776901 3776902 3776903 3776904 3776905"
General-89-20260718-16:27:28-5569,vector,Florasat_Individual_Sats.terminal[21].dlk.mac,vector_preds_BiLSTM,,,"1.76448147208 13.6824223916 26.98674792586 36.98706721467 48.69983034487 116.58490972035 127.74155430752 142.11599706113 154.27978763147 168.21719615743 231.50718167517 242.3594783477 256.93702560942 269.33102265559 280.81242367369 346.9786689952 358.688769778 370.26505598891 381.95512129319 396.03404098283 461.15921007935 473.99285310064 487.91178826359 499.56421619165 513.1286378298 576.58868080983 587.22179406253 600.09155147872 614.30494560208 627.72284835274 691.51164402673 702.84913365566 713.77624188154 724.33628187934 735.53286520136","3740101.1 3740102.1 3740103.1 3740104.1 3740105.1 3746101.1 3746102.1 3746103 3746104 3746105 3752101 3752102 3752103 3752104 3752105 3758101 3758102 3758103 3758104 3758105 3764101 3764102 3764103 3764104 3764105 3770101 3770102 3770103 3770104 3770105 3776101 3776102 3776103 3776104 3776105"
General-89-20260718-16:27:28-5569,vector,Florasat_Individual_Sats.terminal[57].dlk.mac,vector_preds_BiLSTM,,,"1.8295399691 15.55083640712 27.80357488758 39.46516313219 50.91816519016 116.70366367023 127.98605869106 138.83893186856 153.17850024138 165.39909807198 231.49273925694 243.23934677174 256.06615541387 270.04435777781 280.23328837008 346.06585627771 360.88537522242 371.59400330972 382.17427205526 392.60952611802 461.06758379727 475.89563231566 486.75885520526 499.77668316569 513.67288932786 576.03604689706 586.68788926676 599.01949687628 612.75026757154 624.93595210254 691.11383416899 701.14040477876 714.37524958257 727.20285366498 738.66158794005","3743701.1 3743702.1 3743703.1 3743704.1 3743705.1 3749701.1 3749702.1 3749703.1 3749704.1 3749705.1 3755701.1 3755702 3755703 3755704 3755705 3761701 3761702 3761703 3761704 3761705 3767701 3767702 3767703 3767704 3767705 3773701 3773702 3773703 3773704 3773705 3779701 3779702 3779703 3779704 3779705"
General-89-20260718-16:27:28-5569,vector,Florasat_Individual_Sats.terminal[36].dlk.mac,vector_preds_BiLSTM,,,"1.83025818854 15.18864514376 28.68778010202 43.03350255662 54.90775004682 116.09328599996 127.27623654879 137.30121409986 148.41603732784 161.53357642004 231.36622427707 242.96207847167 255.99170029373 266.89464121335 278.72183826263 346.47234377288 358.73241444188 372.08539181924 385.11697648046 397.73579159937 461.30267948983 476.0005397154 490.4619365572 502.93454622407 513.5033509056 576.37958858022 590.00948418024 602.07744834105 615.86789950005 627.04070791926 691.45093806996 706.00808217865 720.9380384346 734.14271627995 745.43829667358","3741601.1 3741602.1 3741603.1 3741604.1 3741605.1 3747601.1 3747602.1 3747603 3747604 3747605 3753601 3753602 3753603 3753604 3753605 3759601 3759602 3759603 3759604 3759605 3765601.1 3765602.1 3765603.1 3765604.1 3765605.1 3771601.1 3771602.1 3771603.1 3771604.1 3771605.1 3777601 3777602 3777603 3777604 3777605"
General-89-20260718-16:27:28-5569,vector,Florasat_Individual_Sats.terminal[58].dlk.mac,vector_preds_BiLSTM,,,"1.84390380327 16.68334951206 27.95360633918 39.12752417429 50.25483086752 116.25384309213 127.46039558086 139.27350686747 153.39451211505 168.255029656 231.87623238028 246.07486219215 257.55989746609 269.88088960014 280.31650388566 346.44762101816 359.6588204999 370.31653083977 381.45317387767 395.15364757739 461.9580345042 473.4291336243 484.15593295823 497.31768589932 507.72863944992 576.63780636131 591.40525884554 601.7783706924 612.85742024519 626.57557387231 691.97088071797 702.15656596539 712.37928932603 723.66424709163 734.89702929929","3743801.1 3743802.1 3743803.1 3743804.1 3743805.1 3749801.1 3749802.1 3749803 3749804 3749805 3755801 3755802 3755803 3755804 3755805 3761801 3761802 3761803 3761804 3761805 3767801 3767802 3767803 3767804 3767805 3773801 3773802.1 3773803.1 3773804.1 3773805.1 3779801.1 3779802.1 3779803.1 3779804.1 3779805.1"
General-89-20260718-16:27:28-5569,vector,Florasat_Individual_Sats.terminal[44].dlk.mac,vector_preds_BiLSTM,,,"1.8819921494 13.91520774062 25.25222872105 39.52981501539 50.03440362705 116.73891126201 130.18810970382 144.83736303308 157.36405798024 170.82594609027 231.57615227229 242.98606296722 254.20675551822 267.91263131029 279.66843322222 346.2437161156 359.5869558868 371.48844429338 384.71944332518 397.25331783108 461.02996808523 473.98844115948 484.70775572164 495.40585018741 509.39115312463 576.70488633448 587.97554588294 600.6724178791 614.31912121595 629.2227192223 691.01890387456 703.54917950207 714.87592809462 729.52413659404 742.92316804618","3742401.1 3742402.1 3742403.1 3742404.1 3742405.1 3748401.1 3748402.1 3748403 3748404 3748405 3754401.1 3754402 3754403 3754404 3754405 3760401 3760402 3760403 3760404 3760405 3766401 3766402 3766403 3766404 3766405 3772401 3772402 3772403 3772404 3772405 3778401 3778402 3778403 3778404 3778405"
General-89-20260718-16:27:28-5569,vector,Florasat_Individual_Sats.terminal[13].dlk.mac,vector_preds_BiLSTM,,,"1.90910200425 14.75571211264 27.06942096422 37.67728911084 49.89002529019 116.93960121926 130.69394061086 145.13690983854 157.4481073951 169.60112346547 231.67335042474 246.06976821646 260.00141548901 270.85318949982 285.51606270113 346.89421674982 357.7428904064 370.6216403509 381.38533212058 393.66565141757 461.61474961811 471.79788824194 483.85749218543 495.42055770662 506.69541789126 576.75188445253 588.93483173451 601.28333200817 613.96124178194 626.8826394726 691.96037285123 703.94092899025 714.74422070407 727.04111598176 738.5184218802","3739301.1 3739302.1 3739303.1 3739304.1 3739305.1 3745301.1 3745302.1 3745303 3745304 3745305 3751301 3751302 3751303 3751304 3751305 3757301 3757302 3757303 3757304 3757305 3763301 3763302 3763303 3763304 3763305 3769301 3769302 3769303 3769304 3769305 3775301 3775302 3775303 3775304 3775305"
General-89-20260718-16:27:28-5569,vector,Florasat_Individual_Sats.terminal[11].dlk.mac,vector_preds_BiLSTM,,,"1.91073534568 14.68087407551 28.23245185102 38.71283395473 51.76091080556 116.39573391248 129.97350164643 140.10882434738 152.01500555687 165.24805796054 231.88738039671 241.94328950345 253.1705767624 266.27382717537 278.67509947251 346.48851662432 356.59563614777 369.19575505913 381.93885632697 392.52233616798 461.70432090457 471.99201755855 483.78289423115 496.24138291623 510.39664090192 576.92104197736 591.39734773827 605.47334624967 618.98508962873 630.05715249153 691.82484858809 703.58040818153 716.07142235874 729.35929608671 741.74744572747","3739101.1 3739102.1 3739103.1 3739104.1 3739105.1 3745101.1 3745102.1 3745103 3745104 3745105 3751101 3751102 3751103 3751104 3751105 3757101 3757102 3757103 3757104 3757105 3763101 3763102 3763103 3763104 3763105 3769101 3769102 3769103 3769104 3769105 3775101 3775102 3775103 3775104 3775105"
General-89-20260718-16:27:28-5569,vector,Florasat_Individual_Sats.terminal[59].dlk.mac,vector_preds_BiLSTM,,,"1.91737831151 16.86058873706 30.76029768609 42.40044010966 55.29743870883 116.4647216876 128.90603666799 139.83478379459 149.95251176553 162.75180150196 231.52024349151 242.70219243201 256.74000950716 270.80769576784 282.23010375467 346.19172128942 360.71375944163 373.53475903604 384.52417502972 395.78534764448 461.19646478724 475.96671911469 487.91069166549 499.67806686811 512.47325839522 576.93020670046 588.76283939066 603.67092806217 615.66514803166 630.57661265903 691.21957232174 701.6097145311 716.00937065947 727.20230102003 738.2413413322","3743901.1 3743902.1 3743903.1 3743904.1 3743905.1 3749901.1 3749902.1 3749903 3749904 3749905 3755901 3755902 3755903 3755904 3755905 3761901 3761902 3761903 3761904 3761905 3767901 3767902 3767903 3767904 3767905 3773901 3773902 3773903 3773904 3773905 3779901 3779902 3779903 3779904 3779905"
General-89-20260718-16:27:28-5569,vector,Florasat_Individual_Sats.terminal[0].dlk.mac,vector_preds_BiLSTM,,,"1.9386363416 13.8869448707 26.98233033321 39.51084996946 51.59691112023 116.76598281134 131.16544290097 144.11236909219 155.11445619982 165.58296209202 231.44505247567 245.08073848882 256.92052785983 268.04230759014 280.61404136336 346.4226170273 356.51946013956 370.77693229238 382.21336801815 395.45414837356 461.32466256479 472.32646512892 484.54035625188 494.82022976014 505.88766428852 576.5794951315 590.38992422609 604.850780881 619.0312076474 631.38715776824 691.75952958805 702.97203622805 717.48072847305 728.04586882051 742.85996646783","3738001.1 3738002.1 3738003.1 3738004.1 3738005.1 3744001.1 3744002.1 3744003.1 3744004.1 3744005.1 3750001.1 3750002.1 3750003.1 3750004.1 3750005 3756001 3756002 3756003 3756004 3756005 3762001 3762002 3762003 3762004 3762005 3768001 3768002 3768003 3768004 3768005 3774001 3774002 3774003 3774004 3774005"
General-89-20260718-16:27:28-5569,vector,Florasat_Individual_Sats.terminal[54].dlk.mac,vector_preds_BiLSTM,,,"1.95528347092 12.33191238763 24.35573859653 35.73536374071 47.85052525043 116.21761722118 127.08943059645 138.07649849193 148.63177383762 159.81321198844 231.54089575261 246.21963252872 260.35578060406 274.13502246001 288.41253918339 346.86076202244 361.26411862602 371.89471045789 386.1954684211 397.87863495574 461.0790568206 474.35794050107 485.40481939679 498.06239487487 509.5048236486 576.74744535424 591.69029177935 606.34567749058 618.25144688436 630.35090984148 691.92616608134 706.3605530283 718.98334558611 732.65819576592 747.20898152119","3743401.1 3743402.1 3743403.1 3743404.1 3743405.1 3749401.1 3749402.1 3749403 3749404 3749405 3755401 3755402 3755403 3755404 3755405 3761401 3761402 3761403 3761404 3761405 3767401 3767402 3767403 3767404 3767405 3773401 3773402 3773403 3773404 3773405 3779401 3779402 3779403 3779404 3779405"
General-89-20260718-16:27:28-5569,vector,Florasat_Individual_Sats.terminal[12].dlk.mac,vector_preds_BiLSTM,,,"1.97286793613 14.83282854664 27.28725047898 38.80519277881 53.37950777145 116.16966014192 130.28305778093 141.82544421334 155.22486801538 169.23712107399 231.02952968515 243.652181576 258.56913791573 271.40032084844 284.794178345 346.55450122105 359.56429811567 369.81139075151 380.756330651 390.88588645007 461.39680384821 472.55756331188 487.21684776642 500.7830762309 515.71514452388 576.36815160909 589.20047353767 603.7390908394 616.13578871521 629.3204069701 691.82655294705 703.39782988466 717.24765062728 727.49073526869 742.14415121987","3739201.1 3739202.1 3739203.1 3739204.1 3739205.1 3745201.1 3745202.1 3745203 3745204 3745205 3751201 3751202 3751203 3751204 3751205 3757201 3757202 3757203 3757204 3757205 3763201 3763202 3763203 3763204 3763205.1 3769201 3769202.1 3769203.1 3769204.1 3769205.1 3775201 3775202 3775203 3775204.1 3775205"
General-89-20260718-16:27:28-5569,vector,Florasat_Individual_Sats.terminal[2].dlk.mac,vector_preds_BiLSTM,,,"1.97729337285 12.30208888207 27.15648188162 40.11012038239 52.48283788236 116.22717300802 130.72846053191 141.20720700151 153.79235287918 167.27360854763 231.80085064517 246.71673430618 259.8164490275 272.994252 283.47464126674 346.67649577837 359.27013681852 372.48845162685 385.29313896084 399.94691091124 461.34738091449 473.35818160395 485.95451137703 500.0747824572 512.94377162656 576.11214204342 586.14628386218 598.60017238418 613.35580133601 624.57750553499 691.6304806543 702.42981273843 714.87473565432 727.89985263183 742.38056360672","3738201.1 3738202.1 3738203.1 3738204.1 3738205.1 3744201.1 3744202.1 3744203 3744204 3744205 3750201 3750202 3750203 3750204 3750205 3756201.1 3756202 3756203 3756204 3756205 3762201 3762202 3762203 3762204 3762205 3768201 3768202 3768203 3768204 3768205 3774201 3774202 3774203 3774204 3774205"
General-89-20260718-16:27:28-5569,vector,Florasat_Individual_Sats.terminal[28].dlk.mac,vector_preds_BiLSTM,,,"1.97851230996 13.25430486608 24.6910659005 39.50053086295 52.69561496354 116.07058116375 127.60800823011 138.76586535736 153.13558230898 163.98177285585 231.65376002085 242.32300307019 253.39436140959 265.93438385054 279.25123281078 346.66920394776 358.74138235021 373.66072444152 386.22689114674 400.06969229924 461.38068845752 473.53707597498 487.51791270939 501.38035694743 514.13460362493 576.00187775539 588.20397327048 600.59606074564 614.05706637631 626.40232204319 691.84069167357 702.45196404052 715.61395547236 725.96122918534 738.69479928282","3740801.1 3740802.1 3740803.1 3740804.1 3740805.1 3746801.1 3746802.1 3746803 3746804 3746805 3752801 3752802 3752803 3752804 3752805 3758801 3758802 3758803 3758804 3758805 3764801 3764802 3764803 3764804 3764805 3770801.1 3770802.1 3770803.1 3770804.1 3770805.1 3776801.1 3776802.1 3776803.1 3776804.1 3776805.1"
General-89-20260718-16:27:28-5569,vector,Florasat_Individual_Sats.satellite[0].dlkDSL.mac,VectorTransmitMethod_ReceptionResult,,,"15.371063739 31.56466602388 34.36792378537 38.28807220038 46.33175798848 47.69968468104 57.36600322503 57.85986734777 60.57375791755 129.56711469106 131.07970974937 140.41998786856 142.53695965459 143.21944991443 145.69342509219 154.75955624138 156.53992127129 156.69551219982 156.93214110046 167.16401809202 167.85460026669 171.48600871855 232.27719079674 233.02610847567 242.57988007244 243.55825821859 246.15229943548 246.66179448882 247.17022007717 258.50158385983 260.07461904701 269.62336359014 272.67443800917 274.58538150801 347.34183148145 461.93468273774 462.37728245806 462.86086618019 472.14922535899 473.73659252505 474.57487044524 475.60683407522 475.64677712897 477.5815957154 483.59287445517 484.87742405048 485.71609840197 486.05239079184 487.67514650262 490.41121722169 492.0429925572 494.4465782816 496.6329514415 497.71921517806 500.55892186555 500.58676791977 505.08516408703 508.69479825888 511.46967065371 514.2823490607 515.0844069056 516.15136852388 518.95965888484 576.61013871379 587.23875398695 588.64019727048 589.29603722593 591.84148284554 598.20832646516 601.03228474564 602.2145946924 602.41705029113 610.36019005295 610.93323136636 612.34233562825 613.02392437653 614.49329037631 615.16841185353 617.44895550005 621.5874751035 625.13136053798 625.86490711736 626.57657037082 691.60487553029 693.22033079996 704.98446645987 705.45043245115 707.4060020957 712.81551332603 716.05017947236 720.74542189137 724.10047109163 726.39745318534 728.39821858023 732.49225273616 735.33325329929 739.13102328282 739.20909010296 740.74354400783 741.42678089267 742.5759508985","3742802 3738903 3742104 3742904 3738904 3742105 3742805 3739905 3738905 3749702 3745702 3749703 3745703 3748703 3744003 3749704 3748704 3744004 3745704 3744005 3748705 3745705 3751701 3750001 3751702 3753202 3753102 3750002 3753002 3750003 3753003 3750004 3753204 3753004 3759101 3765501 3765801 3762601 3762802 3765702 3765802 3762602 3765502 3765602 3762803 3762703 3762603 3765703 3765803 3762403 3765603 3762804 3762604 3762704 3765704 3765804 3762805 3762605 3765705 3765805 3765605 3763205 3762405 3771801 3768402 3770802 3771802 3773802 3768403 3770803 3773803 3768603 3768404 3773604 3768704 3771804 3770804 3768604 3771604 3768405 3768705 3773605 3768805 3777801 3774601 3774602 3777802 3779602 3779803 3776803 3779603 3779804 3776804 3777804 3779604 3779805 3776805 3774605 3777805 3777705 3779605"
General-89-20260718-16:27:28-5569,vector,Florasat_Individual_Sats.satellite[0].dlkDSL.mac,Satellite Position when Repetition Received,,,"15.371063739 31.56466602388 34.36792378537 38.28807220038 46.33175798848 47.69968468104 57.36600322503 57.85986734777 60.57375791755 129.56711469106 131.07970974937 140.41998786856 142.53695965459 143.21944991443 145.69342509219 154.75955624138 156.53992127129 156.69551219982 156.93214110046 167.16401809202 167.85460026669 171.48600871855 232.27719079674 233.02610847567 242.57988007244 243.55825821859 246.15229943548 246.66179448882 247.17022007717 258.50158385983 260.07461904701 269.62336359014 272.67443800917 274.58538150801 347.34183148145 461.93468273774 462.37728245806 462.86086618019 472.14922535899 473.73659252505 474.57487044524 475.60683407522 475.64677712897 477.5815957154 483.59287445517 484.87742405048 485.71609840197 486.05239079184 487.67514650262 490.41121722169 492.0429925572 494.4465782816 496.6329514415 497.71921517806 500.55892186555 500.58676791977 505.08516408703 508.69479825888 511.46967065371 514.2823490607 515.0844069056 516.15136852388 518.95965888484 576.61013871379 587.23875398695 588.64019727048 589.29603722593 591.84148284554 598.20832646516 601.03228474564 602.2145946924 602.41705029113 610.36019005295 610.93323136636 612.34233562825 613.02392437653 614.49329037631 615.16841185353 617.44895550005 621.5874751035 625.13136053798 625.86490711736 626.57657037082 691.60487553029 693.22033079996 704.98446645987 705.45043245115 707.4060020957 712.81551332603 716.05017947236 720.74542189137 724.10047109163 726.39745318534 728.39821858023 732.49225273616 735.33325329929 739.13102328282 739.20909010296 740.74354400783 741.42678089267 742.5759508985","180 180 180 180 180 180 180 180 180 180 180 180 180 180 180 180 180 180 180 180 180 180 180 180 180 180 180 180 180 180 180 180 180 180 180 180 180 180 180 180 180 180 180 180 180 180 180 180 180 180 180 180 180 180 180 180 180 180 180 180 180 180 180 180 180 180 180 180 180 180 180 180 180 180 180 180 180 180 180 180 180 180 180 180 180 180 180 180 180 180 180 180 180 180 180 180 180 180 180 180 180"
General-89-20260718-16:27:28-5569,vector,Florasat_Individual_Sats.satellite[0].dlkDSL.mac,Repetition Position for Node 808 at Satellite,,,"15.371063739 57.36600322503","180 180"
General-89-20260718-16:27:28-5569,vector,Florasat_Individual_Sats.satellite[0].dlkDSL.mac,All Nodes Repetition Generation Delay at Satellite,,,"15.371063739 31.56466602388 34.36792378537 38.28807220038 46.33175798848 47.69968468104 57.36600322503 57.85986734777 60.57375791755 129.56711469106 131.07970974937 140.41998786856 142.53695965459 143.21944991443 145.69342509219 154.75955624138 156.53992127129 156.69551219982 156.93214110046 167.16401809202 167.85460026669 171.48600871855 232.27719079674 233.02610847567 242.57988007244 243.55825821859 246.15229943548 246.66179448882 247.17022007717 258.50158385983 260.07461904701 269.62336359014 272.67443800917 274.58538150801 347.34183148145 461.93468273774 462.37728245806 462.86086618019 472.14922535899 473.73659252505 474.57487044524 475.60683407522 475.64677712897 477.5815957154 483.59287445517 484.87742405048 485.71609840197 486.05239079184 487.67514650262 490.41121722169 492.0429925572 494.4465782816 496.6329514415 497.71921517806 500.55892186555 500.58676791977 505.08516408703 508.69479825888 511.46967065371 514.2823490607 515.0844069056 516.15136852388 518.95965888484 576.61013871379 587.23875398695 588.64019727048 589.29603722593 591.84148284554 598.20832646516 601.03228474564 602.2145946924 602.41705029113 610.36019005295 610.93323136636 612.34233562825 613.02392437653 614.49329037631 615.16841185353 617.44895550005 621.5874751035 625.13136053798 625.86490711736 626.57657037082 691.60487553029 693.22033079996 704.98446645987 705.45043245115 707.4060020957 712.81551332603 716.05017947236 720.74542189137 724.10047109163 726.39745318534 728.39821858023 732.49225273616 735.33325329929 739.13102328282 739.20909010296 740.74354400783 741.42678089267 742.5759508985","14.371063739 30.56466602388 33.36792378537 37.28807220038 45.33175798848 46.69968468104 56.36600322503 56.85986734777 59.57375791755 13.56711469106 15.07970974937 24.41998786856 26.53695965459 27.21944991443 29.69342509219 38.75955624138 40.53992127129 40.69551219982 40.93214110046 51.16401809202 51.85460026669 55.48600871855 1.27719079674 2.02610847567 11.57988007244 12.55825821859 15.15229943548 15.66179448882 16.17022007717 27.50158385983 29.07461904701 38.62336359014 41.67443800917 43.58538150801 1.34183148145 0.93468273773999 1.37728245806 1.86086618019 11.14922535899 12.73659252505 13.57487044524 14.60683407522 14.64677712897 16.5815957154 22.59287445517 23.87742405048 24.71609840197 25.05239079184 26.67514650262 29.41121722169 31.0429925572 33.4465782816 35.6329514415 36.71921517806 39.55892186555 39.58676791977 44.08516408703 47.69479825888 50.46967065371 53.2823490607 54.0844069056 55.15136852388 57.95965888484 0.61013871378998 11.23875398695 12.64019727048 13.29603722593 15.84148284554 22.20832646516 25.03228474564 26.2145946924 26.41705029113 34.36019005295 34.93323136636 36.34233562825 37.02392437653 38.49329037631 39.16841185353 41.44895550005 45.5874751035 49.13136053798 49.86490711736 50.57657037082 0.60487553028997 2.2203307999599 13.98446645987 14.45043245115 16.4060020957 21.81551332603 25.05017947236 29.74542189137 33.10047109163 35.39745318534 37.39821858023 41.49225273616 44.33325329929 48.13102328282 48.20909010296 49.74354400783 50.42678089267 51.5759508985"
General-89-20260718-16:27:28-5569,vector,Florasat_Individual_Sats.satellite[0].dlkDSL.mac,Repetition Generation Delay for Node 808 at Satellite,,,"15.371063739 57.36600322503","14.371063739 56.36600322503"
General-89-20260718-16:27:28-5569,vector,Florasat_Individual_Sats.satellite[0].dlkDSL.mac,Successful Repetition Number counted for MAC protocol,,,"15.371063739 31.56466602388 34.36792378537 38.28807220038 57.85986734777 129.56711469106 131.07970974937 143.21944991443 145.69342509219 232.27719079674 233.02610847567 243.55825821859 246.15229943548 247.17022007717 347.34183148145 461.93468273774 462.37728245806 462.86086618019 472.14922535899 473.73659252505 477.5815957154 484.87742405048 490.41121722169 516.15136852388 576.61013871379 587.23875398695 588.64019727048 591.84148284554 602.41705029113 610.93323136636 612.34233562825 617.44895550005 626.57657037082 691.60487553029 693.22033079996 707.4060020957 712.81551332603 716.05017947236 741.42678089267","2 3 4 4 5 2 2 3 3 1 1 2 2 2 1 1 1 1 2 2 2 3 3 5 1 2 2 2 3 4 4 4 5 1 1 2 3 3 5"
General-89-20260718-16:27:28-5569,vector,Florasat_Individual_Sats.satellite[0].dlkDSL.mac,Successful Repetition Number counted for the Model,,,"15.371063739 31.56466602388 34.36792378537 38.28807220038 57.85986734777 129.56711469106 131.07970974937 143.21944991443 145.69342509219 232.27719079674 233.02610847567 243.55825821859 246.15229943548 247.17022007717 347.34183148145 461.93468273774 462.37728245806 462.86086618019 472.14922535899 473.73659252505 477.5815957154 484.87742405048 490.41121722169 516.15136852388 576.61013871379 587.23875398695 588.64019727048 591.84148284554 602.41705029113 610.93323136636 612.34233562825 617.44895550005 626.57657037082 691.60487553029 693.22033079996 707.4060020957 712.81551332603 716.05017947236 741.42678089267","2 3 4 4 5 2 2 3 3 1 1 2 2 2 1 1 1 1 2 2 2 3 3 1 1 2 2 1 3 4 4 4 5 1 1 2 3 3 1"
General-89-20260718-16:27:28-5569,vector,Florasat_Individual_Sats.satellite[0].dlkDSL.mac,All Nodes Message Generation Delay at Satellite,,,"15.371063739 31.56466602388 34.36792378537 38.28807220038 57.85986734777 129.56711469106 131.07970974937 143.21944991443 145.69342509219 232.27719079674 233.02610847567 243.55825821859 246.15229943548 247.17022007717 347.34183148145 461.93468273774 462.37728245806 462.86086618019 472.14922535899 473.73659252505 477.5815957154 484.87742405048 490.41121722169 516.15136852388 576.61013871379 587.23875398695 588.64019727048 591.84148284554 602.41705029113 610.93323136636 612.34233562825 617.44895550005 626.57657037082 691.60487553029 693.22033079996 707.4060020957 712.81551332603 716.05017947236 741.42678089267","14.371063739 30.56466602388 33.36792378537 37.28807220038 56.85986734777 13.56711469106 15.07970974937 27.21944991443 29.69342509219 1.27719079674 2.02610847567 12.55825821859 15.15229943548 16.17022007717 1.34183148145 0.93468273773999 1.37728245806 1.86086618019 11.14922535899 12.73659252505 16.5815957154 23.87742405048 29.41121722169 55.15136852388 0.61013871378998 11.23875398695 12.64019727048 15.84148284554 26.41705029113 34.93323136636 36.34233562825 41.44895550005 50.57657037082 0.60487553028997 2.2203307999599 16.4060020957 21.81551332603 25.05017947236 50.42678089267"
General-89-20260718-16:27:28-5569,vector,Florasat_Individual_Sats.satellite[0].dlkDSL.mac,Message Generation Delay for Node 808 at Satellite,,,"15.371063739","14.371063739"
General-89-20260718-16:27:28-5569,vector,Florasat_Individual_Sats.satellite[0].net.packetHandler,packets received,,,"15.371063739 31.56466602388 34.36792378537 38.28807220038 46.33175798848 47.69968468104 57.36600322503 57.85986734777 60.57375791755 129.56711469106 131.07970974937 140.41998786856 142.53695965459 143.21944991443 145.69342509219 154.75955624138 156.53992127129 156.69551219982 156.93214110046 167.16401809202 167.85460026669 171.48600871855 232.27719079674 233.02610847567 242.57988007244 243.55825821859 246.15229943548 246.66179448882 247.17022007717 258.50158385983 260.07461904701 269.62336359014 272.67443800917 274.58538150801 347.34183148145 461.93468273774 462.37728245806 462.86086618019 472.14922535899 473.73659252505 474.57487044524 475.60683407522 475.64677712897 477.5815957154 483.59287445517 484.87742405048 485.71609840197 486.05239079184 487.67514650262 490.41121722169 492.0429925572 494.4465782816 496.6329514415 497.71921517806 500.55892186555 500.58676791977 505.08516408703 508.69479825888 511.46967065371 514.2823490607 515.0844069056 516.15136852388 518.95965888484 576.61013871379 587.23875398695 588.64019727048 589.29603722593 591.84148284554 598.20832646516 601.03228474564 602.2145946924 602.41705029113 610.36019005295 610.93323136636 612.34233562825 613.02392437653 614.49329037631 615.16841185353 617.44895550005 621.5874751035 625.13136053798 625.86490711736 626.57657037082 691.60487553029 693.22033079996 704.98446645987 705.45043245115 707.4060020957 712.81551332603 716.05017947236 720.74542189137 724.10047109163 726.39745318534 728.39821858023 732.49225273616 735.33325329929 739.13102328282 739.20909010296 740.74354400783 741.42678089267 742.5759508985","1 2 3 4 5 6 7 8 9 10 11 12 13 14 15 16 17 18 19 20 21 22 23 24 25 26 27 28 29 30 31 32 33 34 35 36 37 38 39 40 41 42 43 44 45 46 47 48 49 50 51 52 53 54 55 56 57 58 59 60 61 62 63 64 65 66 67 68 69 70 71 72 73 74 75 76 77 78 79 80 81 82 83 84 85 86 87 88 89 90 91 92 93 94 95 96 97 98 99 100 101"
General-89-20260718-16:27:28-5569,vector,Florasat_Individual_Sats.satellite[0].net.packetHandler,dropped unroutable,,,"15.371063739 31.56466602388 34.36792378537 38.28807220038 46.33175798848 47.69968468104 57.36600322503 57.85986734777 60.57375791755 129.56711469106 131.07970974937 140.41998786856 142.53695965459 143.21944991443 145.69342509219 154.75955624138 156.53992127129 156.69551219982 156.93214110046 167.16401809202 167.85460026669 171.48600871855 232.27719079674 233.02610847567 242.57988007244 243.55825821859 246.15229943548 246.66179448882 247.17022007717 258.50158385983 260.07461904701 269.62336359014 272.67443800917 274.58538150801 347.34183148145 461.93468273774 462.37728245806 462.86086618019 472.14922535899 473.73659252505 474.57487044524 475.60683407522 475.64677712897 477.5815957154 483.59287445517 484.87742405048 485.71609840197 486.05239079184 487.67514650262 490.41121722169 492.0429925572 494.4465782816 496.6329514415 497.71921517806 500.55892186555 500.58676791977 505.08516408703 508.69479825888 511.46967065371 514.2823490607 515.0844069056 516.15136852388 518.95965888484 576.61013871379 587.23875398695 588.64019727048 589.29603722593 591.84148284554 598.20832646516 601.03228474564 602.2145946924 602.41705029113 610.36019005295 610.93323136636 612.34233562825 613.02392437653 614.49329037631 615.16841185353 617.44895550005 621.5874751035 625.13136053798 625.86490711736 626.57657037082 691.60487553029 693.22033079996 704.98446645987 705.45043245115 707.4060020957 712.81551332603 716.05017947236 720.74542189137 724.10047109163 726.39745318534 728.39821858023 732.49225273616 735.33325329929 739.13102328282 739.20909010296 740.74354400783 741.42678089267 742.5759508985","1 2 3 4 5 6 7 8 9 10 11 12 13 14 15 16 17 18 19 20 21 22 23 24 25 26 27 28 29 30 31 32 33 34 35 36 37 38 39 40 41 42 43 44 45 46 47 48 49 50 51 52 53 54 55 56 57 58 59 60 61 62 63 64 65 66 67 68 69 70 71 72 73 74 75 76 77 78 79 80 81 82 83 84 85 86 87 88 89 90 91 92 93 94 95 96 97 98 99 100 101"
General-89-20260718-16:27:28-5569,vector,Florasat_Individual_Sats.satellite[0].net.packetHandler,packets dropped,,,"15.371063739 31.56466602388 34.36792378537 38.28807220038 46.33175798848 47.69968468104 57.36600322503 57.85986734777 60.57375791755 129.56711469106 131.07970974937 140.41998786856 142.53695965459 143.21944991443 145.69342509219 154.75955624138 156.53992127129 156.69551219982 156.93214110046 167.16401809202 167.85460026669 171.48600871855 232.27719079674 233.02610847567 242.57988007244 243.55825821859 246.15229943548 246.66179448882 247.17022007717 258.50158385983 260.07461904701 269.62336359014 272.67443800917 274.58538150801 347.34183148145 461.93468273774 462.37728245806 462.86086618019 472.14922535899 473.73659252505 474.57487044524 475.60683407522 475.64677712897 477.5815957154 483.59287445517 484.87742405048 485.71609840197 486.05239079184 487.67514650262 490.41121722169 492.0429925572 494.4465782816 496.6329514415 497.71921517806 500.55892186555 500.58676791977 505.08516408703 508.69479825888 511.46967065371 514.2823490607 515.0844069056 516.15136852388 518.95965888484 576.61013871379 587.23875398695 588.64019727048 589.29603722593 591.84148284554 598.20832646516 601.03228474564 602.2145946924 602.41705029113 610.36019005295 610.93323136636 612.34233562825 613.02392437653 614.49329037631 615.16841185353 617.44895550005 621.5874751035 625.13136053798 625.86490711736 626.57657037082 691.60487553029 693.22033079996 704.98446645987 705.45043245115 707.4060020957 712.81551332603 716.05017947236 720.74542189137 724.10047109163 726.39745318534 728.39821858023 732.49225273616 735.33325329929 739.13102328282 739.20909010296 740.74354400783 741.42678089267 742.5759508985","1 2 3 4 5 6 7 8 9 10 11 12 13 14 15 16 17 18 19 20 21 22 23 24 25 26 27 28 29 30 31 32 33 34 35 36 37 38 39 40 41 42 43 44 45 46 47 48 49 50 51 52 53 54 55 56 57 58 59 60 61 62 63 64 65 66 67 68 69 70 71 72 73 74 75 76 77 78 79 80 81 82 83 84 85 86 87 88 89 90 91 92 93 94 95 96 97 98 99 100 101"
General-89-20260718-16:27:28-5569,vector,Florasat_Individual_Sats.satellite[0].dlkDSL.mac,Repetition Position for Node 223 at Satellite,,,"31.56466602388 46.33175798848 60.57375791755","180 180 180"
General-89-20260718-16:27:28-5569,vector,Florasat_Individual_Sats.satellite[0].dlkDSL.mac,Repetition Generation Delay for Node 223 at Satellite,,,"31.56466602388 46.33175798848 60.57375791755","30.56466602388 45.33175798848 59.57375791755"
General-89-20260718-16:27:28-5569,vector,Florasat_Individual_Sats.satellite[0].dlkDSL.mac,Message Generation Delay for Node 223 at Satellite,,,"31.56466602388","30.56466602388"
General-89-20260718-16:27:28-5569,vector,Florasat_Individual_Sats.satellite[0].dlkDSL.mac,Repetition Position for Node 703 at Satellite,,,"34.36792378537 47.69968468104","180 180"
General-89-20260718-16:27:28-5569,vector,Florasat_Individual_Sats.satellite[0].dlkDSL.mac,Repetition Generation Delay for Node 703 at Satellite,,,"34.36792378537 47.69968468104","33.36792378537 46.69968468104"
General-89-20260718-16:27:28-5569,vector,Florasat_Individual_Sats.satellite[0].dlkDSL.mac,Message Generation Delay for Node 703 at Satellite,,,"34.36792378537","33.36792378537"
General-89-20260718-16:27:28-5569,vector,Florasat_Individual_Sats.satellite[0].dlkDSL.mac,Repetition Position for Node 823 at Satellite,,,"38.28807220038","180"
General-89-20260718-16:27:28-5569,vector,Florasat_Individual_Sats.satellite[0].dlkDSL.mac,Repetition Generation Delay for Node 823 at Satellite,,,"38.28807220038","37.28807220038"
General-89-20260718-16:27:28-5569,vector,Florasat_Individual_Sats.satellite[0].dlkDSL.mac,Message Generation Delay for Node 823 at Satellite,,,"38.28807220038","37.28807220038"
General-89-20260718-16:27:28-5569,vector,Florasat_Individual_Sats.satellite[0].dlkDSL.mac,Repetition Position for Node 373 at Satellite,,,"57.85986734777","180"
General-89-20260718-16:27:28-5569,vector,Florasat_Individual_Sats.satellite[0].dlkDSL.mac,Repetition Generation Delay for Node 373 at Satellite,,,"57.85986734777","56.85986734777"
General-89-20260718-16:27:28-5569,vector,Florasat_Individual_Sats.satellite[0].dlkDSL.mac,Message Generation Delay for Node 373 at Satellite,,,"57.85986734777","56.85986734777"
General-89-20260718-16:27:28-5569,vector,Florasat_Individual_Sats.satellite[0].dlkDSL.mac,Repetition Position for Node 943 at Satellite,,,"129.56711469106 140.41998786856 154.75955624138","180 180 180"
General-89-20260718-16:27:28-5569,vector,Florasat_Individual_Sats.satellite[0].dlkDSL.mac,Repetition Generation Delay for Node 943 at Satellite,,,"129.56711469106 140.41998786856 154.75955624138","13.56711469106 24.41998786856 38.75955624138"
General-89-20260718-16:27:28-5569,vector,Florasat_Individual_Sats.satellite[0].dlkDSL.mac,Message Generation Delay for Node 943 at Satellite,,,"129.56711469106","13.56711469106"
General-89-20260718-16:27:28-5569,vector,Florasat_Individual_Sats.satellite[0].dlkDSL.mac,Repetition Position for Node 343 at Satellite,,,"131.07970974937 142.53695965459 156.93214110046 171.48600871855 232.27719079674 242.57988007244","180 180 180 180 180 180"
General-89-20260718-16:27:28-5569,vector,Florasat_Individual_Sats.satellite[0].dlkDSL.mac,Repetition Generation Delay for Node 343 at Satellite,,,"131.07970974937 142.53695965459 156.93214110046 171.48600871855 232.27719079674 242.57988007244","15.07970974937 26.53695965459 40.93214110046 55.48600871855 1.27719079674 11.57988007244"
General-89-20260718-16:27:28-5569,vector,Florasat_Individual_Sats.satellite[0].dlkDSL.mac,Message Generation Delay for Node 343 at Satellite,,,"131.07970974937 232.27719079674","15.07970974937 1.27719079674"
General-89-20260718-16:27:28-5569,vector,Florasat_Individual_Sats.satellite[0].dlkDSL.mac,Repetition Position for Node 793 at Satellite,,,"143.21944991443 156.53992127129 167.85460026669","180 180 180"
General-89-20260718-16:27:28-5569,vector,Florasat_Individual_Sats.satellite[0].dlkDSL.mac,Repetition Generation Delay for Node 793 at Satellite,,,"143.21944991443 156.53992127129 167.85460026669","27.21944991443 40.53992127129 51.85460026669"
General-89-20260718-16:27:28-5569,vector,Florasat_Individual_Sats.satellite[0].dlkDSL.mac,Message Generation Delay for Node 793 at Satellite,,,"143.21944991443","27.21944991443"
General-89-20260718-16:27:28-5569,vector,Florasat_Individual_Sats.satellite[0].dlkDSL.mac,Repetition Position for Node 88 at Satellite,,,"145.69342509219 156.69551219982 167.16401809202 233.02610847567 246.66179448882 258.50158385983 269.62336359014","180 180 180 180 180 180 180"
General-89-20260718-16:27:28-5569,vector,Florasat_Individual_Sats.satellite[0].dlkDSL.mac,Repetition Generation Delay for Node 88 at Satellite,,,"145.69342509219 156.69551219982 167.16401809202 233.02610847567 246.66179448882 258.50158385983 269.62336359014","29.69342509219 40.69551219982 51.16401809202 2.02610847567 15.66179448882 27.50158385983 38.62336359014"
General-89-20260718-16:27:28-5569,vector,Florasat_Individual_Sats.satellite[0].dlkDSL.mac,Message Generation Delay for Node 88 at Satellite,,,"145.69342509219 233.02610847567","29.69342509219 2.02610847567"
General-89-20260718-16:27:28-5569,vector,Florasat_Individual_Sats.satellite[0].dlkDSL.mac,Repetition Position for Node 568 at Satellite,,,"243.55825821859 272.67443800917","180 180"
General-89-20260718-16:27:28-5569,vector,Florasat_Individual_Sats.satellite[0].dlkDSL.mac,Repetition Generation Delay for Node 568 at Satellite,,,"243.55825821859 272.67443800917","12.55825821859 41.67443800917"
General-89-20260718-16:27:28-5569,vector,Florasat_Individual_Sats.satellite[0].dlkDSL.mac,Message Generation Delay for Node 568 at Satellite,,,"243.55825821859","12.55825821859"
General-89-20260718-16:27:28-5569,vector,Florasat_Individual_Sats.satellite[0].dlkDSL.mac,Repetition Position for Node 553 at Satellite,,,"246.15229943548 347.34183148145","180 180"
General-89-20260718-16:27:28-5569,vector,Florasat_Individual_Sats.satellite[0].dlkDSL.mac,Repetition Generation Delay for Node 553 at Satellite,,,"246.15229943548 347.34183148145","15.15229943548 1.34183148145"
General-89-20260718-16:27:28-5569,vector,Florasat_Individual_Sats.satellite[0].dlkDSL.mac,Message Generation Delay for Node 553 at Satellite,,,"246.15229943548 347.34183148145","15.15229943548 1.34183148145"
General-89-20260718-16:27:28-5569,vector,Florasat_Individual_Sats.satellite[0].dlkDSL.mac,Repetition Position for Node 538 at Satellite,,,"247.17022007717 260.07461904701 274.58538150801","180 180 180"
General-89-20260718-16:27:28-5569,vector,Florasat_Individual_Sats.satellite[0].dlkDSL.mac,Repetition Generation Delay for Node 538 at Satellite,,,"247.17022007717 260.07461904701 274.58538150801","16.17022007717 29.07461904701 43.58538150801"
General-89-20260718-16:27:28-5569,vector,Florasat_Individual_Sats.satellite[0].dlkDSL.mac,Message Generation Delay for Node 538 at Satellite,,,"247.17022007717","16.17022007717"
General-89-20260718-16:27:28-5569,vector,Florasat_Individual_Sats.satellite[0].dlkDSL.mac,Repetition Position for Node 613 at Satellite,,,"461.93468273774 475.64677712897","180 180"
General-89-20260718-16:27:28-5569,vector,Florasat_Individual_Sats.satellite[0].dlkDSL.mac,Repetition Generation Delay for Node 613 at Satellite,,,"461.93468273774 475.64677712897","0.93468273773999 14.64677712897"
General-89-20260718-16:27:28-5569,vector,Florasat_Individual_Sats.satellite[0].dlkDSL.mac,Message Generation Delay for Node 613 at Satellite,,,"461.93468273774","0.93468273773999"
General-89-20260718-16:27:28-5569,vector,Florasat_Individual_Sats.satellite[0].dlkDSL.mac,Repetition Position for Node 658 at Satellite,,,"462.37728245806 474.57487044524 487.67514650262 500.58676791977 514.2823490607 576.61013871379 589.29603722593 613.02392437653 691.60487553029 705.45043245115 728.39821858023 740.74354400783","180 180 180 180 180 180 180 180 180 180 180 180"
General-89-20260718-16:27:28-5569,vector,Florasat_Individual_Sats.satellite[0].dlkDSL.mac,Repetition Generation Delay for Node 658 at Satellite,,,"462.37728245806 474.57487044524 487.67514650262 500.58676791977 514.2823490607 576.61013871379 589.29603722593 613.02392437653 691.60487553029 705.45043245115 728.39821858023 740.74354400783","1.37728245806 13.57487044524 26.67514650262 39.58676791977 53.2823490607 0.61013871378998 13.29603722593 37.02392437653 0.60487553028997 14.45043245115 37.39821858023 49.74354400783"
General-89-20260718-16:27:28-5569,vector,Florasat_Individual_Sats.satellite[0].dlkDSL.mac,Message Generation Delay for Node 658 at Satellite,,,"462.37728245806 576.61013871379 691.60487553029","1.37728245806 0.61013871378998 0.60487553028997"
General-89-20260718-16:27:28-5569,vector,Florasat_Individual_Sats.satellite[0].dlkDSL.mac,Repetition Position for Node 178 at Satellite,,,"462.86086618019 475.60683407522 485.71609840197 496.6329514415 508.69479825888 602.41705029113 615.16841185353 693.22033079996 704.98446645987 739.20909010296","180 180 180 180 180 180 180 180 180 180"
General-89-20260718-16:27:28-5569,vector,Florasat_Individual_Sats.satellite[0].dlkDSL.mac,Repetition Generation Delay for Node 178 at Satellite,,,"462.86086618019 475.60683407522 485.71609840197 496.6329514415 508.69479825888 602.41705029113 615.16841185353 693.22033079996 704.98446645987 739.20909010296","1.86086618019 14.60683407522 24.71609840197 35.6329514415 47.69479825888 26.41705029113 39.16841185353 2.2203307999599 13.98446645987 48.20909010296"
General-89-20260718-16:27:28-5569,vector,Florasat_Individual_Sats.satellite[0].dlkDSL.mac,Message Generation Delay for Node 178 at Satellite,,,"462.86086618019 602.41705029113 693.22033079996","1.86086618019 26.41705029113 2.2203307999599"
General-89-20260718-16:27:28-5569,vector,Florasat_Individual_Sats.satellite[0].dlkDSL.mac,Repetition Position for Node 208 at Satellite,,,"472.14922535899 483.59287445517 494.4465782816 505.08516408703 626.57657037082","180 180 180 180 180"
General-89-20260718-16:27:28-5569,vector,Florasat_Individual_Sats.satellite[0].dlkDSL.mac,Repetition Generation Delay for Node 208 at Satellite,,,"472.14922535899 483.59287445517 494.4465782816 505.08516408703 626.57657037082","11.14922535899 22.59287445517 33.4465782816 44.08516408703 50.57657037082"
General-89-20260718-16:27:28-5569,vector,Florasat_Individual_Sats.satellite[0].dlkDSL.mac,Message Generation Delay for Node 208 at Satellite,,,"472.14922535899 626.57657037082","11.14922535899 50.57657037082"
General-89-20260718-16:27:28-5569,vector,Florasat_Individual_Sats.satellite[0].dlkDSL.mac,Repetition Position for Node 643 at Satellite,,,"473.73659252505 486.05239079184 500.55892186555 511.46967065371 741.42678089267","180 180 180 180 180"
General-89-20260718-16:27:28-5569,vector,Florasat_Individual_Sats.satellite[0].dlkDSL.mac,Repetition Generation Delay for Node 643 at Satellite,,,"473.73659252505 486.05239079184 500.55892186555 511.46967065371 741.42678089267","12.73659252505 25.05239079184 39.55892186555 50.46967065371 50.42678089267"
General-89-20260718-16:27:28-5569,vector,Florasat_Individual_Sats.satellite[0].dlkDSL.mac,Message Generation Delay for Node 643 at Satellite,,,"473.73659252505 741.42678089267","12.73659252505 50.42678089267"
General-89-20260718-16:27:28-5569,vector,Florasat_Individual_Sats.satellite[0].dlkDSL.mac,Repetition Position for Node 628 at Satellite,,,"477.5815957154 492.0429925572 515.0844069056 617.44895550005","180 180 180 180"
General-89-20260718-16:27:28-5569,vector,Florasat_Individual_Sats.satellite[0].dlkDSL.mac,Repetition Generation Delay for Node 628 at Satellite,,,"477.5815957154 492.0429925572 515.0844069056 617.44895550005","16.5815957154 31.0429925572 54.0844069056 41.44895550005"
General-89-20260718-16:27:28-5569,vector,Florasat_Individual_Sats.satellite[0].dlkDSL.mac,Message Generation Delay for Node 628 at Satellite,,,"477.5815957154 617.44895550005","16.5815957154 41.44895550005"
General-89-20260718-16:27:28-5569,vector,Florasat_Individual_Sats.satellite[0].dlkDSL.mac,Repetition Position for Node 193 at Satellite,,,"484.87742405048 497.71921517806 612.34233562825 625.13136053798","180 180 180 180"
General-89-20260718-16:27:28-5569,vector,Florasat_Individual_Sats.satellite[0].dlkDSL.mac,Repetition Generation Delay for Node 193 at Satellite,,,"484.87742405048 497.71921517806 612.34233562825 625.13136053798","23.87742405048 36.71921517806 36.34233562825 49.13136053798"
General-89-20260718-16:27:28-5569,vector,Florasat_Individual_Sats.satellite[0].dlkDSL.mac,Message Generation Delay for Node 193 at Satellite,,,"484.87742405048 612.34233562825","23.87742405048 36.34233562825"
General-89-20260718-16:27:28-5569,vector,Florasat_Individual_Sats.satellite[0].dlkDSL.mac,Repetition Position for Node 148 at Satellite,,,"490.41121722169 518.95965888484 587.23875398695 598.20832646516 610.36019005295 621.5874751035","180 180 180 180 180 180"
General-89-20260718-16:27:28-5569,vector,Florasat_Individual_Sats.satellite[0].dlkDSL.mac,Repetition Generation Delay for Node 148 at Satellite,,,"490.41121722169 518.95965888484 587.23875398695 598.20832646516 610.36019005295 621.5874751035","29.41121722169 57.95965888484 11.23875398695 22.20832646516 34.36019005295 45.5874751035"
General-89-20260718-16:27:28-5569,vector,Florasat_Individual_Sats.satellite[0].dlkDSL.mac,Message Generation Delay for Node 148 at Satellite,,,"490.41121722169 587.23875398695","29.41121722169 11.23875398695"
General-89-20260718-16:27:28-5569,vector,Florasat_Individual_Sats.satellite[0].dlkDSL.mac,Repetition Position for Node 268 at Satellite,,,"516.15136852388","180"
General-89-20260718-16:27:28-5569,vector,Florasat_Individual_Sats.satellite[0].dlkDSL.mac,Repetition Generation Delay for Node 268 at Satellite,,,"516.15136852388","55.15136852388"
General-89-20260718-16:27:28-5569,vector,Florasat_Individual_Sats.satellite[0].dlkDSL.mac,Message Generation Delay for Node 268 at Satellite,,,"516.15136852388","55.15136852388"
General-89-20260718-16:27:28-5569,vector,Florasat_Individual_Sats.satellite[0].dlkDSL.mac,Repetition Position for Node 508 at Satellite,,,"588.64019727048 601.03228474564 614.49329037631 716.05017947236 726.39745318534 739.13102328282","180 180 180 180 180 180"
General-89-20260718-16:27:28-5569,vector,Florasat_Individual_Sats.satellite[0].dlkDSL.mac,Repetition Generation Delay for Node 508 at Satellite,,,"588.64019727048 601.03228474564 614.49329037631 716.05017947236 726.39745318534 739.13102328282","12.64019727048 25.03228474564 38.49329037631 25.05017947236 35.39745318534 48.13102328282"
General-89-20260718-16:27:28-5569,vector,Florasat_Individual_Sats.satellite[0].dlkDSL.mac,Message Generation Delay for Node 508 at Satellite,,,"588.64019727048 716.05017947236","12.64019727048 25.05017947236"
General-89-20260718-16:27:28-5569,vector,Florasat_Individual_Sats.satellite[0].dlkDSL.mac,Repetition Position for Node 958 at Satellite,,,"591.84148284554 602.2145946924 712.81551332603 724.10047109163 735.33325329929","180 180 180 180 180"
General-89-20260718-16:27:28-5569,vector,Florasat_Individual_Sats.satellite[0].dlkDSL.mac,Repetition Generation Delay for Node 958 at Satellite,,,"591.84148284554 602.2145946924 712.81551332603 724.10047109163 735.33325329929","15.84148284554 26.2145946924 21.81551332603 33.10047109163 44.33325329929"
General-89-20260718-16:27:28-5569,vector,Florasat_Individual_Sats.satellite[0].dlkDSL.mac,Message Generation Delay for Node 958 at Satellite,,,"591.84148284554 712.81551332603","15.84148284554 21.81551332603"
General-89-20260718-16:27:28-5569,vector,Florasat_Individual_Sats.satellite[0].dlkDSL.mac,Repetition Position for Node 928 at Satellite,,,"610.93323136636 625.86490711736 707.4060020957 720.74542189137 732.49225273616 742.5759508985","180 180 180 180 180 180"
General-89-20260718-16:27:28-5569,vector,Florasat_Individual_Sats.satellite[0].dlkDSL.mac,Repetition Generation Delay for Node 928 at Satellite,,,"610.93323136636 625.86490711736 707.4060020957 720.74542189137 732.49225273616 742.5759508985","34.93323136636 49.86490711736 16.4060020957 29.74542189137 41.49225273616 51.5759508985"
General-89-20260718-16:27:28-5569,vector,Florasat_Individual_Sats.satellite[0].dlkDSL.mac,Message Generation Delay for Node 928 at Satellite,,,"610.93323136636 707.4060020957","34.93323136636 16.4060020957"
