run,type,module,name,attrname,attrvalue,vectime,vecvalue
General-12-20260805-17:41:19-87901,runattr,,,configname,General,,
General-12-20260805-17:41:19-87901,runattr,,,datetime,20260805-17:41:19,,
General-12-20260805-17:41:19-87901,runattr,,,datetimef,20260805-174119,,
General-12-20260805-17:41:19-87901,runattr,,,experiment,General,,
General-12-20260805-17:41:19-87901,runattr,,,inifile,Test_MLModel_8.ini,,
General-12-20260805-17:41:19-87901,runattr,,,iterationvars,"$myraan=165, $threshold=0.20, $0=15937",,
General-12-20260805-17:41:19-87901,runattr,,,iterationvarsd,myraan=165/threshold=0.20/15937,,
General-12-20260805-17:41:19-87901,runattr,,,iterationvarsf,"myraan=165,threshold=0.20,15937-",,
General-12-20260805-17:41:19-87901,runattr,,,measurement,"$myraan=165, $threshold=0.20, $0=15937",,
General-12-20260805-17:41:19-87901,runattr,,,network,Florasat.Test_Individual.Florasat_Individual_Sats,,
General-12-20260805-17:41:19-87901,runattr,,,processid,87901,,
General-12-20260805-17:41:19-87901,runattr,,,repetition,2,,
General-12-20260805-17:41:19-87901,runattr,,,replication,#2,,
General-12-20260805-17:41:19-87901,runattr,,,resultdir,results,,
General-12-20260805-17:41:19-87901,runattr,,,runnumber,12,,
General-12-20260805-17:41:19-87901,runattr,,,seedset,12,,
General-12-20260805-17:41:19-87901,itervar,,,myraan,165,,
General-12-20260805-17:41:19-87901,itervar,,,threshold,0.20,,
General-12-20260805-17:41:19-87901,config,,,*.stats_altitude,670,,
General-12-20260805-17:41:19-87901,config,,,*.stats_raan,185,,
General-12-20260805-17:41:19-87901,config,,,image-path,../../images:../../../../samples/inet4.5_2/images,,
General-12-20260805-17:41:19-87901,config,,,network,Florasat.Test_Individual.Florasat_Individual_Sats,,
General-12-20260805-17:41:19-87901,config,,,rng-class,cMersenneTwister,,
General-12-20260805-17:41:19-87901,config,,,*.**.result-recording-modes,-,,
General-12-20260805-17:41:19-87901,config,,,**.result-recording-modes,-,,
General-12-20260805-17:41:19-87901,config,,,**.statistic-recording,true,,
General-12-20260805-17:41:19-87901,config,,,**.scalar-recording,true,,
General-12-20260805-17:41:19-87901,config,,,**.vector-recording,true,,
General-12-20260805-17:41:19-87901,config,,,**.vector-record-eventnumbers,true,,
General-12-20260805-17:41:19-87901,config,,,repeat,10,,
General-12-20260805-17:41:19-87901,config,,,seed-0-mt,15937,,
General-12-20260805-17:41:19-87901,config,,,sim-time-limit,749s,,
General-12-20260805-17:41:19-87901,config,,,simtime-resolution,-11,,
General-12-20260805-17:41:19-87901,config,,,**.stats_altitude,670,,
General-12-20260805-17:41:19-87901,config,,,**.stats_raan,185,,
General-12-20260805-17:41:19-87901,config,,,*.radioMedium.backgroundNoise.power,-110dBm,,
General-12-20260805-17:41:19-87901,config,,,*.radioMedium.mediumLimitCache.centerFrequency,868MHz,,
General-12-20260805-17:41:19-87901,config,,,*.radioMedium.mediumLimitCache.maxTransmissionDuration,4s,,
General-12-20260805-17:41:19-87901,config,,,*.radioMedium.mediumLimitCache.minInterferenceTime,0s,,
General-12-20260805-17:41:19-87901,config,,,**.numSatellites,1,,
General-12-20260805-17:41:19-87901,config,,,*.satellite[*].mobilityType,"""Sat_Mob_SatelliteMobility_Standalone""",,
General-12-20260805-17:41:19-87901,config,,,*.satellite[*].noradModuleType,"""Sat_Mob_NoradA""",,
General-12-20260805-17:41:19-87901,config,,,**.satellite[*].**.initFromDisplayString,false,,
General-12-20260805-17:41:19-87901,config,,,*.satellite[*].mobility.faceForward,true,,
General-12-20260805-17:41:19-87901,config,,,*.satellite[*].mobility.updateInterval,20s,,
General-12-20260805-17:41:19-87901,config,,,*.satellite[*].NoradModule.satName,"""FLoRaSat""",,
General-12-20260805-17:41:19-87901,config,,,*.satellite[*].NoradModule.satIndex,-1,,
General-12-20260805-17:41:19-87901,config,,,*.satellite[*].NoradModule.baseYear,20,,
General-12-20260805-17:41:19-87901,config,,,*.satellite[*].NoradModule.baseDay,1.5,,
General-12-20260805-17:41:19-87901,config,,,*.satellite[*].NoradModule.planes,1,,
General-12-20260805-17:41:19-87901,config,,,*.satellite[*].NoradModule.satPerPlane,1,,
General-12-20260805-17:41:19-87901,config,,,*.satellite[*].NoradModule.eccentricity,0.000001,,
General-12-20260805-17:41:19-87901,config,,,*.satellite[*].NoradModule.inclination,98,,
General-12-20260805-17:41:19-87901,config,,,*.satellite[*].NoradModule.altitude,670,,
General-12-20260805-17:41:19-87901,config,,,*.satellite[0].NoradModule.raan,165,,
General-12-20260805-17:41:19-87901,config,,,*.satellite[0].NoradModule.meanAnomaly,195,,
General-12-20260805-17:41:19-87901,config,,,*.satellite[*].phyDSL.radio.receiver.enableCollisionOverlap,true,,
General-12-20260805-17:41:19-87901,config,,,*.satellite[*].phyDSL.radio.receiver.minCollisionOverlap,0s,,
General-12-20260805-17:41:19-87901,config,,,*.satellite[*].phyDSL.radio.antenna.typename,ConstantGainAntenna,,
General-12-20260805-17:41:19-87901,config,,,*.satellite[*].phyDSL.radio.antenna.mobilityModule,"""^.^.^.mobility""",,
General-12-20260805-17:41:19-87901,config,,,*.satellite[*].phyISL.radio.antenna.mobilityModule,"""^.^.^.mobility""",,
General-12-20260805-17:41:19-87901,config,,,*.satellite[*].phyGSL.radio.antenna.mobilityModule,"""^.^.^.mobility""",,
General-12-20260805-17:41:19-87901,config,,,*.satellite[*].phyDSL.radio.antenna.gain,12dB,,
General-12-20260805-17:41:19-87901,config,,,*.satellite[*].net.routingType,"""Null_Routing""",,
General-12-20260805-17:41:19-87901,config,,,*.terminal[*].net.routingType,"""Ter_Null_Routing""",,
General-12-20260805-17:41:19-87901,config,,,*.**.numGroundLinks,40,,
General-12-20260805-17:41:19-87901,config,,,*.satellite[*].**.interfaceTableModule,"""""",,
General-12-20260805-17:41:19-87901,config,,,**.radioMedium.typename,LoRaMedium,,
General-12-20260805-17:41:19-87901,config,,,**.radioMedium.analogModel.typename,LoRaAnalogModel,,
General-12-20260805-17:41:19-87901,config,,,**.intraPlaneIslDisabled,false,,
General-12-20260805-17:41:19-87901,config,,,**.interPlaneIslDisabled,false,,
General-12-20260805-17:41:19-87901,config,,,**.numTerminals,60,,
General-12-20260805-17:41:19-87901,config,,,*.terminal[*].phy.radio.antenna.mobilityModule,"""^.^.^.mob""",,
General-12-20260805-17:41:19-87901,config,,,*.terminal[*].dlk.mac.interfaceTableModule,"""""",,
General-12-20260805-17:41:19-87901,config,,,*.terminal[*].dlk.energySourceModule,"""""",,
General-12-20260805-17:41:19-87901,config,,,*.terminal[*].dlk.mac.LoRaTP,"intuniform(12, 14)",,
General-12-20260805-17:41:19-87901,config,,,*.terminal[*].dlk.mac.LoRaSF,"intuniform(10, 12)",,
General-12-20260805-17:41:19-87901,config,,,*.terminal[*].dlk.mac.useMLBox,true,,
General-12-20260805-17:41:19-87901,config,,,*.terminal[*].dlk.mac.mlBox.modelPath,"""/home/ylnner/Documents/omnet++/omnetpp-6.3.0/projects/florasat_v4_ult_routing/simulations/Test_Individual/mlmodels/transformer_scripted.pt""",,
General-12-20260805-17:41:19-87901,config,,,*.terminal[*].dlk.mac.mlBox.threshold,0.20,,
General-12-20260805-17:41:19-87901,config,,,*.terminal[*].dlk.mac.mlBox.coldStart,true,,
General-12-20260805-17:41:19-87901,config,,,**.numberOfPacketsToSend,0,,
General-12-20260805-17:41:19-87901,config,,,**.timeToFirstPacket,1s,,
General-12-20260805-17:41:19-87901,config,,,**.timeToNextPacket,115s,,
General-12-20260805-17:41:19-87901,config,,,*.terminal[0].mob.radius,0.0,,
General-12-20260805-17:41:19-87901,config,,,*.terminal[0].mob.centerLatitude,54.978,,
General-12-20260805-17:41:19-87901,config,,,*.terminal[0].mob.centerLongitude,-1.617,,
General-12-20260805-17:41:19-87901,config,,,*.terminal[1].mob.radius,0.0,,
General-12-20260805-17:41:19-87901,config,,,*.terminal[1].mob.centerLatitude,52.630,,
General-12-20260805-17:41:19-87901,config,,,*.terminal[1].mob.centerLongitude,-1.139,,
General-12-20260805-17:41:19-87901,config,,,*.terminal[2].mob.radius,0.0,,
General-12-20260805-17:41:19-87901,config,,,*.terminal[2].mob.centerLatitude,52.612,,
General-12-20260805-17:41:19-87901,config,,,*.terminal[2].mob.centerLongitude,-6.295,,
General-12-20260805-17:41:19-87901,config,,,*.terminal[3].mob.radius,0.0,,
General-12-20260805-17:41:19-87901,config,,,*.terminal[3].mob.centerLatitude,47.243,,
General-12-20260805-17:41:19-87901,config,,,*.terminal[3].mob.centerLongitude,6.024,,
General-12-20260805-17:41:19-87901,config,,,*.terminal[4].mob.radius,0.0,,
General-12-20260805-17:41:19-87901,config,,,*.terminal[4].mob.centerLatitude,43.610,,
General-12-20260805-17:41:19-87901,config,,,*.terminal[4].mob.centerLongitude,3.876,,
General-12-20260805-17:41:19-87901,config,,,*.terminal[5].mob.radius,0.0,,
General-12-20260805-17:41:19-87901,config,,,*.terminal[5].mob.centerLatitude,49.443,,
General-12-20260805-17:41:19-87901,config,,,*.terminal[5].mob.centerLongitude,1.099,,
General-12-20260805-17:41:19-87901,config,,,*.terminal[6].mob.radius,0.0,,
General-12-20260805-17:41:19-87901,config,,,*.terminal[6].mob.centerLatitude,37.992,,
General-12-20260805-17:41:19-87901,config,,,*.terminal[6].mob.centerLongitude,-1.130,,
General-12-20260805-17:41:19-87901,config,,,*.terminal[7].mob.radius,0.0,,
General-12-20260805-17:41:19-87901,config,,,*.terminal[7].mob.centerLatitude,40.965,,
General-12-20260805-17:41:19-87901,config,,,*.terminal[7].mob.centerLongitude,-5.664,,
General-12-20260805-17:41:19-87901,config,,,*.terminal[8].mob.radius,0.0,,
General-12-20260805-17:41:19-87901,config,,,*.terminal[8].mob.centerLatitude,40.657,,
General-12-20260805-17:41:19-87901,config,,,*.terminal[8].mob.centerLongitude,-7.914,,
General-12-20260805-17:41:19-87901,config,,,*.terminal[9].mob.radius,0.0,,
General-12-20260805-17:41:19-87901,config,,,*.terminal[9].mob.centerLatitude,51.340,,
General-12-20260805-17:41:19-87901,config,,,*.terminal[9].mob.centerLongitude,12.373,,
General-12-20260805-17:41:19-87901,config,,,*.terminal[10].mob.radius,0.0,,
General-12-20260805-17:41:19-87901,config,,,*.terminal[10].mob.centerLatitude,51.455,,
General-12-20260805-17:41:19-87901,config,,,*.terminal[10].mob.centerLongitude,7.011,,
General-12-20260805-17:41:19-87901,config,,,*.terminal[11].mob.radius,0.0,,
General-12-20260805-17:41:19-87901,config,,,*.terminal[11].mob.centerLatitude,49.452,,
General-12-20260805-17:41:19-87901,config,,,*.terminal[11].mob.centerLongitude,11.076,,
General-12-20260805-17:41:19-87901,config,,,*.terminal[12].mob.radius,0.0,,
General-12-20260805-17:41:19-87901,config,,,*.terminal[12].mob.centerLatitude,43.769,,
General-12-20260805-17:41:19-87901,config,,,*.terminal[12].mob.centerLongitude,11.255,,
General-12-20260805-17:41:19-87901,config,,,*.terminal[13].mob.radius,0.0,,
General-12-20260805-17:41:19-87901,config,,,*.terminal[13].mob.centerLatitude,41.117,,
General-12-20260805-17:41:19-87901,config,,,*.terminal[13].mob.centerLongitude,16.871,,
General-12-20260805-17:41:19-87901,config,,,*.terminal[14].mob.radius,0.0,,
General-12-20260805-17:41:19-87901,config,,,*.terminal[14].mob.centerLatitude,52.132,,
General-12-20260805-17:41:19-87901,config,,,*.terminal[14].mob.centerLongitude,5.291,,
General-12-20260805-17:41:19-87901,config,,,*.terminal[15].mob.radius,0.0,,
General-12-20260805-17:41:19-87901,config,,,*.terminal[15].mob.centerLatitude,50.411,,
General-12-20260805-17:41:19-87901,config,,,*.terminal[15].mob.centerLongitude,4.444,,
General-12-20260805-17:41:19-87901,config,,,*.terminal[16].mob.radius,0.0,,
General-12-20260805-17:41:19-87901,config,,,*.terminal[16].mob.centerLatitude,47.559,,
General-12-20260805-17:41:19-87901,config,,,*.terminal[16].mob.centerLongitude,7.588,,
General-12-20260805-17:41:19-87901,config,,,*.terminal[17].mob.radius,0.0,,
General-12-20260805-17:41:19-87901,config,,,*.terminal[17].mob.centerLatitude,55.403,,
General-12-20260805-17:41:19-87901,config,,,*.terminal[17].mob.centerLongitude,10.402,,
General-12-20260805-17:41:19-87901,config,,,*.terminal[18].mob.radius,0.0,,
General-12-20260805-17:41:19-87901,config,,,*.terminal[18].mob.centerLatitude,59.858,,
General-12-20260805-17:41:19-87901,config,,,*.terminal[18].mob.centerLongitude,17.638,,
General-12-20260805-17:41:19-87901,config,,,*.terminal[19].mob.radius,0.0,,
General-12-20260805-17:41:19-87901,config,,,*.terminal[19].mob.centerLatitude,60.451,,
General-12-20260805-17:41:19-87901,config,,,*.terminal[19].mob.centerLongitude,22.266,,
General-12-20260805-17:41:19-87901,config,,,*.terminal[20].mob.radius,0.0,,
General-12-20260805-17:41:19-87901,config,,,*.terminal[20].mob.centerLatitude,56.325,,
General-12-20260805-17:41:19-87901,config,,,*.terminal[20].mob.centerLongitude,22.349,,
General-12-20260805-17:41:19-87901,config,,,*.terminal[21].mob.radius,0.0,,
General-12-20260805-17:41:19-87901,config,,,*.terminal[21].mob.centerLatitude,49.883,,
General-12-20260805-17:41:19-87901,config,,,*.terminal[21].mob.centerLongitude,18.568,,
General-12-20260805-17:41:19-87901,config,,,*.terminal[22].mob.radius,0.0,,
General-12-20260805-17:41:19-87901,config,,,*.terminal[22].mob.centerLatitude,47.531,,
General-12-20260805-17:41:19-87901,config,,,*.terminal[22].mob.centerLongitude,21.627,,
General-12-20260805-17:41:19-87901,config,,,*.terminal[23].mob.radius,0.0,,
General-12-20260805-17:41:19-87901,config,,,*.terminal[23].mob.centerLatitude,44.179,,
General-12-20260805-17:41:19-87901,config,,,*.terminal[23].mob.centerLongitude,28.649,,
General-12-20260805-17:41:19-87901,config,,,*.terminal[24].mob.radius,0.0,,
General-12-20260805-17:41:19-87901,config,,,*.terminal[24].mob.centerLatitude,45.327,,
General-12-20260805-17:41:19-87901,config,,,*.terminal[24].mob.centerLongitude,14.442,,
General-12-20260805-17:41:19-87901,config,,,*.terminal[25].mob.radius,0.0,,
General-12-20260805-17:41:19-87901,config,,,*.terminal[25].mob.centerLatitude,40.694,,
General-12-20260805-17:41:19-87901,config,,,*.terminal[25].mob.centerLongitude,30.400,,
General-12-20260805-17:41:19-87901,config,,,*.terminal[26].mob.radius,0.0,,
General-12-20260805-17:41:19-87901,config,,,*.terminal[26].mob.centerLatitude,37.066,,
General-12-20260805-17:41:19-87901,config,,,*.terminal[26].mob.centerLongitude,37.383,,
General-12-20260805-17:41:19-87901,config,,,*.terminal[27].mob.radius,0.0,,
General-12-20260805-17:41:19-87901,config,,,*.terminal[27].mob.centerLatitude,64.836,,
General-12-20260805-17:41:19-87901,config,,,*.terminal[27].mob.centerLongitude,-23.708,,
General-12-20260805-17:41:19-87901,config,,,*.terminal[28].mob.radius,0.0,,
General-12-20260805-17:41:19-87901,config,,,*.terminal[28].mob.centerLatitude,28.099,,
General-12-20260805-17:41:19-87901,config,,,*.terminal[28].mob.centerLongitude,-17.113,,
General-12-20260805-17:41:19-87901,config,,,*.terminal[29].mob.radius,0.0,,
General-12-20260805-17:41:19-87901,config,,,*.terminal[29].mob.centerLatitude,34.921,,
General-12-20260805-17:41:19-87901,config,,,*.terminal[29].mob.centerLongitude,33.623,,
General-12-20260805-17:41:19-87901,config,,,*.terminal[30].mob.radius,0.0,,
General-12-20260805-17:41:19-87901,config,,,*.terminal[30].mob.centerLatitude,55.953,,
General-12-20260805-17:41:19-87901,config,,,*.terminal[30].mob.centerLongitude,-3.188,,
General-12-20260805-17:41:19-87901,config,,,*.terminal[31].mob.radius,0.0,,
General-12-20260805-17:41:19-87901,config,,,*.terminal[31].mob.centerLatitude,51.481,,
General-12-20260805-17:41:19-87901,config,,,*.terminal[31].mob.centerLongitude,-3.179,,
General-12-20260805-17:41:19-87901,config,,,*.terminal[32].mob.radius,0.0,,
General-12-20260805-17:41:19-87901,config,,,*.terminal[32].mob.centerLatitude,53.349,,
General-12-20260805-17:41:19-87901,config,,,*.terminal[32].mob.centerLongitude,-6.260,,
General-12-20260805-17:41:19-87901,config,,,*.terminal[33].mob.radius,0.0,,
General-12-20260805-17:41:19-87901,config,,,*.terminal[33].mob.centerLatitude,45.764,,
General-12-20260805-17:41:19-87901,config,,,*.terminal[33].mob.centerLongitude,4.835,,
General-12-20260805-17:41:19-87901,config,,,*.terminal[34].mob.radius,0.0,,
General-12-20260805-17:41:19-87901,config,,,*.terminal[34].mob.centerLatitude,48.573,,
General-12-20260805-17:41:19-87901,config,,,*.terminal[34].mob.centerLongitude,7.752,,
General-12-20260805-17:41:19-87901,config,,,*.terminal[35].mob.radius,0.0,,
General-12-20260805-17:41:19-87901,config,,,*.terminal[35].mob.centerLatitude,44.837,,
General-12-20260805-17:41:19-87901,config,,,*.terminal[35].mob.centerLongitude,-0.579,,
General-12-20260805-17:41:19-87901,config,,,*.terminal[36].mob.radius,0.0,,
General-12-20260805-17:41:19-87901,config,,,*.terminal[36].mob.centerLatitude,41.385,,
General-12-20260805-17:41:19-87901,config,,,*.terminal[36].mob.centerLongitude,2.173,,
General-12-20260805-17:41:19-87901,config,,,*.terminal[37].mob.radius,0.0,,
General-12-20260805-17:41:19-87901,config,,,*.terminal[37].mob.centerLatitude,41.157,,
General-12-20260805-17:41:19-87901,config,,,*.terminal[37].mob.centerLongitude,-8.629,,
General-12-20260805-17:41:19-87901,config,,,*.terminal[38].mob.radius,0.0,,
General-12-20260805-17:41:19-87901,config,,,*.terminal[38].mob.centerLatitude,37.389,,
General-12-20260805-17:41:19-87901,config,,,*.terminal[38].mob.centerLongitude,-5.984,,
General-12-20260805-17:41:19-87901,config,,,*.terminal[39].mob.radius,0.0,,
General-12-20260805-17:41:19-87901,config,,,*.terminal[39].mob.centerLatitude,53.551,,
General-12-20260805-17:41:19-87901,config,,,*.terminal[39].mob.centerLongitude,9.993,,
General-12-20260805-17:41:19-87901,config,,,*.terminal[40].mob.radius,0.0,,
General-12-20260805-17:41:19-87901,config,,,*.terminal[40].mob.centerLatitude,48.135,,
General-12-20260805-17:41:19-87901,config,,,*.terminal[40].mob.centerLongitude,11.582,,
General-12-20260805-17:41:19-87901,config,,,*.terminal[41].mob.radius,0.0,,
General-12-20260805-17:41:19-87901,config,,,*.terminal[41].mob.centerLatitude,50.110,,
General-12-20260805-17:41:19-87901,config,,,*.terminal[41].mob.centerLongitude,8.682,,
General-12-20260805-17:41:19-87901,config,,,*.terminal[42].mob.radius,0.0,,
General-12-20260805-17:41:19-87901,config,,,*.terminal[42].mob.centerLatitude,45.464,,
General-12-20260805-17:41:19-87901,config,,,*.terminal[42].mob.centerLongitude,9.190,,
General-12-20260805-17:41:19-87901,config,,,*.terminal[43].mob.radius,0.0,,
General-12-20260805-17:41:19-87901,config,,,*.terminal[43].mob.centerLatitude,40.851,,
General-12-20260805-17:41:19-87901,config,,,*.terminal[43].mob.centerLongitude,14.268,,
General-12-20260805-17:41:19-87901,config,,,*.terminal[44].mob.radius,0.0,,
General-12-20260805-17:41:19-87901,config,,,*.terminal[44].mob.centerLatitude,51.209,,
General-12-20260805-17:41:19-87901,config,,,*.terminal[44].mob.centerLongitude,3.224,,
General-12-20260805-17:41:19-87901,config,,,*.terminal[45].mob.radius,0.0,,
General-12-20260805-17:41:19-87901,config,,,*.terminal[45].mob.centerLatitude,48.208,,
General-12-20260805-17:41:19-87901,config,,,*.terminal[45].mob.centerLongitude,16.373,,
General-12-20260805-17:41:19-87901,config,,,*.terminal[46].mob.radius,0.0,,
General-12-20260805-17:41:19-87901,config,,,*.terminal[46].mob.centerLatitude,52.229,,
General-12-20260805-17:41:19-87901,config,,,*.terminal[46].mob.centerLongitude,21.012,,
General-12-20260805-17:41:19-87901,config,,,*.terminal[47].mob.radius,0.0,,
General-12-20260805-17:41:19-87901,config,,,*.terminal[47].mob.centerLatitude,59.913,,
General-12-20260805-17:41:19-87901,config,,,*.terminal[47].mob.centerLongitude,10.752,,
General-12-20260805-17:41:19-87901,config,,,*.terminal[48].mob.radius,0.0,,
General-12-20260805-17:41:19-87901,config,,,*.terminal[48].mob.centerLatitude,56.949,,
General-12-20260805-17:41:19-87901,config,,,*.terminal[48].mob.centerLongitude,24.105,,
General-12-20260805-17:41:19-87901,config,,,*.terminal[49].mob.radius,0.0,,
General-12-20260805-17:41:19-87901,config,,,*.terminal[49].mob.centerLatitude,59.437,,
General-12-20260805-17:41:19-87901,config,,,*.terminal[49].mob.centerLongitude,24.753,,
General-12-20260805-17:41:19-87901,config,,,*.terminal[50].mob.radius,0.0,,
General-12-20260805-17:41:19-87901,config,,,*.terminal[50].mob.centerLatitude,50.075,,
General-12-20260805-17:41:19-87901,config,,,*.terminal[50].mob.centerLongitude,14.437,,
General-12-20260805-17:41:19-87901,config,,,*.terminal[51].mob.radius,0.0,,
General-12-20260805-17:41:19-87901,config,,,*.terminal[51].mob.centerLatitude,42.697,,
General-12-20260805-17:41:19-87901,config,,,*.terminal[51].mob.centerLongitude,23.321,,
General-12-20260805-17:41:19-87901,config,,,*.terminal[52].mob.radius,0.0,,
General-12-20260805-17:41:19-87901,config,,,*.terminal[52].mob.centerLatitude,45.815,,
General-12-20260805-17:41:19-87901,config,,,*.terminal[52].mob.centerLongitude,15.981,,
General-12-20260805-17:41:19-87901,config,,,*.terminal[53].mob.radius,0.0,,
General-12-20260805-17:41:19-87901,config,,,*.terminal[53].mob.centerLatitude,40.640,,
General-12-20260805-17:41:19-87901,config,,,*.terminal[53].mob.centerLongitude,22.944,,
General-12-20260805-17:41:19-87901,config,,,*.terminal[54].mob.radius,0.0,,
General-12-20260805-17:41:19-87901,config,,,*.terminal[54].mob.centerLatitude,39.933,,
General-12-20260805-17:41:19-87901,config,,,*.terminal[54].mob.centerLongitude,32.859,,
General-12-20260805-17:41:19-87901,config,,,*.terminal[55].mob.radius,0.0,,
General-12-20260805-17:41:19-87901,config,,,*.terminal[55].mob.centerLatitude,38.419,,
General-12-20260805-17:41:19-87901,config,,,*.terminal[55].mob.centerLongitude,27.128,,
General-12-20260805-17:41:19-87901,config,,,*.terminal[56].mob.radius,0.0,,
General-12-20260805-17:41:19-87901,config,,,*.terminal[56].mob.centerLatitude,35.898,,
General-12-20260805-17:41:19-87901,config,,,*.terminal[56].mob.centerLongitude,14.514,,
General-12-20260805-17:41:19-87901,config,,,*.terminal[57].mob.radius,0.0,,
General-12-20260805-17:41:19-87901,config,,,*.terminal[57].mob.centerLatitude,65.683,,
General-12-20260805-17:41:19-87901,config,,,*.terminal[57].mob.centerLongitude,-18.087,,
General-12-20260805-17:41:19-87901,config,,,*.terminal[58].mob.radius,0.0,,
General-12-20260805-17:41:19-87901,config,,,*.terminal[58].mob.centerLatitude,28.463,,
General-12-20260805-17:41:19-87901,config,,,*.terminal[58].mob.centerLongitude,-16.251,,
General-12-20260805-17:41:19-87901,config,,,*.terminal[59].mob.radius,0.0,,
General-12-20260805-17:41:19-87901,config,,,*.terminal[59].mob.centerLatitude,35.185,,
General-12-20260805-17:41:19-87901,config,,,*.terminal[59].mob.centerLongitude,33.382,,
General-12-20260805-17:41:19-87901,config,,,**.numStations,3,,
General-12-20260805-17:41:19-87901,config,,,**.numStations,3,,
General-12-20260805-17:41:19-87901,config,,,*.station[0].mobility.latitude,55.752,,
General-12-20260805-17:41:19-87901,config,,,*.station[0].mobility.longitude,37.616,,
General-12-20260805-17:41:19-87901,config,,,*.station[0].cityName,"""Moscow""",,
General-12-20260805-17:41:19-87901,config,,,*.station[0].groundStationId,7,,
General-12-20260805-17:41:19-87901,config,,,*.station[0].routerAddr,"""10.0.0.29""",,
General-12-20260805-17:41:19-87901,config,,,*.station[0].serving,"""10.0.0.29""",,
General-12-20260805-17:41:19-87901,config,,,*.station[1].mobility.latitude,28.652,,
General-12-20260805-17:41:19-87901,config,,,*.station[1].mobility.longitude,77.231,,
General-12-20260805-17:41:19-87901,config,,,*.station[1].cityName,"""Delhi""",,
General-12-20260805-17:41:19-87901,config,,,*.station[1].groundStationId,11,,
General-12-20260805-17:41:19-87901,config,,,*.station[1].routerAddr,"""10.0.0.45""",,
General-12-20260805-17:41:19-87901,config,,,*.station[1].serving,"""10.0.0.45""",,
General-12-20260805-17:41:19-87901,config,,,*.station[2].mobility.latitude,25.35,,
General-12-20260805-17:41:19-87901,config,,,*.station[2].mobility.longitude,51.24,,
General-12-20260805-17:41:19-87901,config,,,*.station[2].cityName,"""Katar""",,
General-12-20260805-17:41:19-87901,config,,,*.station[2].groundStationId,19,,
General-12-20260805-17:41:19-87901,config,,,*.station[2].routerAddr,"""10.0.0.77""",,
General-12-20260805-17:41:19-87901,config,,,*.station[2].serving,"""10.0.0.77""",,
General-12-20260805-17:41:19-87901,config,,,*.visualizer.canvasVisualizer.mediumVisualizer.typename,,,
General-12-20260805-17:41:19-87901,config,,,*.visualizer.*.radioVisualizer.displayAntennaLobes,true,,
General-12-20260805-17:41:19-87901,config,,,*.visualizer.*.dataLinkVisualizer.displayLinks,true,,
General-12-20260805-17:41:19-87901,config,,,*.visualizer.*.mobilityVisualizer.displayMovementTrails,true,,
General-12-20260805-17:41:19-87901,config,,,*.visualizer.*.mobilityVisualizer.movementTrailLineWidth,1,,
General-12-20260805-17:41:19-87901,config,,,*.visualizer.*.mobilityVisualizer.trailLength,3000,,
General-12-20260805-17:41:19-87901,config,,,**.ttxStart_max,1s,,
General-12-20260805-17:41:19-87901,config,,,**.ttxIdle_min,10s,,
General-12-20260805-17:41:19-87901,config,,,**.ttxIdle_max,15s,,
General-12-20260805-17:41:19-87901,config,,,**.Ntw,1,,
General-12-20260805-17:41:19-87901,config,,,**.Ntx,5,,
General-12-20260805-17:41:19-87901,config,,,**.ttwDuration,100s,,
General-12-20260805-17:41:19-87901,config,,,output-scalar-file,results/results_florasat_ml_trf_no_buffer/transformer-raan-165-th-0.20-General-2.sca,,
General-12-20260805-17:41:19-87901,config,,,output-vector-file,results/results_florasat_ml_trf_no_buffer/transformer-raan-165-th-0.20-General-2.vec,,
General-12-20260805-17:41:19-87901,vector,Florasat_Individual_Sats.terminal[59].dlk.mac,vector_preds_Transformer,,,"1.00911459932 14.49176269281 28.64048086503 41.5509728673 53.35796880932 116.50980732334 126.52644991689 138.75071419799 149.70324691432 162.8884702297 231.80398897198 246.24917713855 260.31748588592 274.72464873851 286.5934396307 346.89056303632 359.54593350459 370.04784694221 380.39306468144 391.61742920568 461.53415608499 475.02320538787 489.04387888312 501.73659734125 516.00103451218 576.14353307243 590.29577272315 602.10424735164 614.25963934115 625.88913224824 691.63456975482 703.44918340561 716.41100480803 727.790068842 742.44751534075","509901 509902 509903 509904 509905 515901 515902 515903 515904 515905 521901 521902 521903 521904 521905 527901 527902 527903 527904 527905 533901 533902 533903 533904 533905 539901 539902 539903 539904 539905 545901 545902 545903 545904 545905"
General-12-20260805-17:41:19-87901,vector,Florasat_Individual_Sats.terminal[47].dlk.mac,vector_preds_Transformer,,,"1.08371247957 13.82205062383 23.94544103951 34.61531677353 44.71857263893 116.17504911055 128.15847732267 142.99467020808 153.14784539771 165.1394503892 231.37732513645 243.548047947 254.68870978034 266.44884803612 280.90069986228 346.27682866529 358.34669998032 373.21251705172 386.8290387257 397.98225438804 461.93902317528 472.69937209296 487.03789793514 498.62710981025 509.51244342933 576.8544271125 587.9493844721 601.13181442511 613.93890915578 628.75252351537 691.13155480265 702.94556135685 717.69166741428 729.61852113973 741.94816667494","508701.1 508702.1 508703.1 508704.1 508705.1 514701.1 514702.1 514703.1 514704.1 514705.1 520701.1 520702.1 520703.1 520704.1 520705.1 526701.1 526702.1 526703.1 526704.1 526705 532701 532702 532703 532704 532705 538701 538702 538703 538704 538705 544701 544702 544703 544704 544705"
General-12-20260805-17:41:19-87901,vector,Florasat_Individual_Sats.terminal[16].dlk.mac,vector_preds_Transformer,,,"1.08513854374 12.2435139392 25.75695324968 36.88885184517 49.01039994601 116.58940383303 127.35239320505 140.09811012028 153.42104718741 164.31918406929 231.79925001133 246.48296165187 259.66232896689 273.09702520049 283.88878251216 346.03369532782 358.7448795517 372.83822494839 384.42613982992 397.51541428315 461.80037140404 475.49152297923 488.94518341311 503.57517027669 514.87250505388 576.67958032712 588.78417053981 602.22196889947 613.69839642685 627.49394988664 691.50550313666 706.31231014523 719.2182743831 732.1627049453 743.99900183337","505601 505602 505603 505604.1 505605.1 511601.1 511602.1 511603.1 511604.1 511605.1 517601.1 517602.1 517603.1 517604.1 517605.1 523601.1 523602.1 523603.1 523604.1 523605.1 529601.1 529602.1 529603.1 529604.1 529605.1 535601 535602 535603 535604 535605 541601 541602 541603 541604 541605"
General-12-20260805-17:41:19-87901,vector,Florasat_Individual_Sats.terminal[21].dlk.mac,vector_preds_Transformer,,,"1.10621656384 13.2429876374 26.95400884467 40.73230481682 51.64368987408 116.79773922334 129.41304085101 142.20231422945 152.63349515293 165.00756295654 231.56503853807 242.95998254511 254.35486155748 267.55673859804 280.35433266498 346.55162878195 359.6683443964 370.4536986989 383.47202281095 396.89750208962 461.15804155543 473.64334021648 486.13407624606 496.84930912754 507.17394011747 576.81015170179 590.95794444787 605.09904786944 619.42784242914 633.31473166239 691.98863237305 703.00184512302 717.39846073697 727.6952644568 738.54026367795","506101.1 506102.1 506103.1 506104.1 506105.1 512101.1 512102.1 512103.1 512104.1 512105.1 518101.1 518102.1 518103.1 518104.1 518105.1 524101.1 524102.1 524103.1 524104.1 524105.1 530101 530102 530103 530104 530105 536101 536102 536103 536104 536105 542101 542102 542103 542104 542105"
General-12-20260805-17:41:19-87901,vector,Florasat_Individual_Sats.terminal[18].dlk.mac,vector_preds_Transformer,,,"1.11060918472 13.62585404935 25.16869277275 36.29781969754 50.40156181484 116.16166836233 129.07648858032 139.11874706042 152.61370670982 164.771709044 231.00434240187 243.76896422822 254.6331133123 267.18782465905 278.8079921843 346.80322458898 357.29043098563 370.33270325792 381.88330255729 392.41189094191 461.70052116434 472.60255003278 484.75315156788 498.61236836691 513.12905574031 576.37995610526 590.75879642205 604.64611139894 619.13108072058 631.62503272342 691.23834073474 703.9198866759 716.4268566242 730.90385671054 742.85773750558","505801.1 505802.1 505803.1 505804.1 505805.1 511801.1 511802.1 511803.1 511804.1 511805.1 517801.1 517802.1 517803.1 517804.1 517805.1 523801.1 523802.1 523803.1 523804 523805 529801 529802 529803 529804 529805 535801 535802 535803 535804 535805 541801 541802 541803 541804 541805"
General-12-20260805-17:41:19-87901,vector,Florasat_Individual_Sats.terminal[12].dlk.mac,vector_preds_Transformer,,,"1.12578082713 12.81212575617 27.68289646832 38.68073767982 50.76481319381 116.25688902568 130.3164691804 144.43205604679 155.22723093396 165.51781267044 231.01409491431 245.47667000722 258.24691163772 269.22700946848 283.68132944382 346.927852161 358.46070682351 370.81200357946 382.89886519965 396.76164193731 461.26159771462 472.5133964885 486.35728648631 497.52726936014 507.79545175144 576.62610753626 586.79821081763 600.87481514738 612.4964959263 626.31876690384 691.59161780681 705.28651910903 716.78060760558 728.28690649312 740.42410366772","505201 505202 505203 505204 505205 511201 511202 511203 511204 511205 517201 517202 517203 517204 517205 523201 523202.1 523203.1 523204.1 523205.1 529201.1 529202.1 529203.1 529204 529205 535201 535202 535203 535204 535205 541201 541202 541203 541204 541205"
General-12-20260805-17:41:19-87901,vector,Florasat_Individual_Sats.terminal[2].dlk.mac,vector_preds_Transformer,,,"1.12887979089 12.85723337624 23.72185293305 36.21537848096 49.13247881876 116.23361247731 126.64335501403 136.84304898977 149.60941534163 164.01578903687 231.00088261766 244.95841174619 259.95260098716 270.93178866314 283.87456755735 346.37532212003 357.40951956878 369.43596167187 380.81512588006 395.66497372626 461.73713325756 472.38292443683 483.90393526643 494.01120334166 504.36037474662 576.83243955043 587.48406506865 600.36595547478 611.4390230705 625.01476900675 691.38822489302 703.84020019439 715.82758845179 725.89506056858 740.22800144041","504201.1 504202.1 504203.1 504204.1 504205.1 510201.1 510202.1 510203.1 510204.1 510205.1 516201.1 516202.1 516203.1 516204.1 516205.1 522201.1 522202.1 522203.1 522204.1 522205.1 528201.1 528202.1 528203.1 528204.1 528205.1 534201 534202 534203 534204 534205 540201 540202 540203 540204 540205"
General-12-20260805-17:41:19-87901,vector,Florasat_Individual_Sats.terminal[25].dlk.mac,vector_preds_Transformer,,,"1.13795786956 15.50562708964 29.4133981897 40.07087317737 52.41283309273 116.56529168319 128.54705310264 142.91608012817 154.24067251803 165.84976988332 231.32418812695 243.45304752095 255.77014267538 266.96300130897 281.63053026633 346.0998148236 358.56297495636 371.08813084756 381.14432111826 392.46171262093 461.33920106571 473.61766073038 483.72774017393 498.62916152459 512.33070048388 576.58149874327 590.4644311769 603.28992514197 617.39564288665 632.05835932308 691.58480778616 705.28808123246 719.98651486519 732.80094671808 745.91412231489","506501 506502 506503 506504 506505 512501 512502 512503 512504 512505 518501 518502 518503 518504 518505 524501 524502 524503 524504 524505 530501 530502 530503 530504 530505 536501 536502 536503 536504 536505 542501 542502 542503 542504 542505"
General-12-20260805-17:41:19-87901,vector,Florasat_Individual_Sats.terminal[6].dlk.mac,vector_preds_Transformer,,,"1.16709108697 13.74770197435 27.30857810587 41.66364485863 55.93045273097 116.31999767059 130.84005892183 144.8620691921 156.47855896059 168.69600880447 231.29896866204 242.86596586043 254.54487146391 267.52853054018 282.10517018731 346.80787009583 359.17759402003 372.6972664129 385.66508318228 399.58363233297 461.29503964772 471.87823148188 482.12357367133 493.77493931074 505.01587596233 576.51979323383 589.30845367745 599.60344869317 610.90843463456 622.58082568552 691.52728244755 704.16863648896 716.31499972287 730.95433496846 745.71125736087","504601 504602 504603 504604 504605 510601 510602 510603 510604 510605 516601 516602 516603 516604 516605 522601 522602 522603 522604.1 522605.1 528601.1 528602.1 528603.1 528604.1 528605.1 534601.1 534602.1 534603.1 534604.1 534605.1 540601.1 540602.1 540603.1 540604.1 540605.1"
General-12-20260805-17:41:19-87901,vector,Florasat_Individual_Sats.terminal[29].dlk.mac,vector_preds_Transformer,,,"1.18280800432 13.04339398886 26.00920143793 36.43185504386 50.41672789166 116.29508182989 126.47675489192 138.27826048015 153.23459560052 167.71789589664 231.1597791994 241.64299126295 251.7751584067 265.18510200363 277.14879413182 346.7202653056 361.22901365114 373.55163671262 387.57238858332 400.68342773778 461.13271179982 471.53487499361 485.70207100036 497.31362633314 509.81045811693 576.73757518874 587.88259853259 598.42242936719 611.75965683068 625.29183327336 691.99891205598 702.28766380763 712.91089194431 724.82133096037 738.62130047241","506901 506902 506903 506904 506905 512901 512902 512903 512904 512905 518901 518902 518903 518904 518905 524901 524902 524903 524904 524905 530901 530902 530903 530904 530905 536901 536902 536903 536904 536905 542901 542902 542903 542904 542905"
General-12-20260805-17:41:19-87901,vector,Florasat_Individual_Sats.terminal[34].dlk.mac,vector_preds_Transformer,,,"1.19461400993 15.3611802971 27.5572569666 41.93073348469 54.9818733309 116.3113747912 128.72988048149 139.82004837738 154.28243836644 168.50213622814 231.10226879595 244.69251316157 259.25949770026 272.7631357871 287.12155938032 346.85161954793 358.52385958261 368.53276373539 382.00505492347 394.92154837539 461.70211348077 474.82130787777 488.26440608338 499.72735291207 514.29299129266 576.27320026606 589.45144730364 602.24508568621 615.12987338216 625.3385984581 691.77395901177 704.28402695688 717.38437938504 730.78828116995 742.99457755754","507401.1 507402.1 507403.1 507404.1 507405.1 513401.1 513402.1 513403.1 513404.1 513405.1 519401.1 519402.1 519403.1 519404.1 519405.1 525401.1 525402.1 525403.1 525404.1 525405.1 531401.1 531402.1 531403.1 531404.1 531405.1 537401 537402 537403 537404 537405 543401 543402 543403 543404 543405"
General-12-20260805-17:41:19-87901,vector,Florasat_Individual_Sats.terminal[9].dlk.mac,vector_preds_Transformer,,,"1.21387000871 14.21037093131 26.76381434407 39.51921446342 51.73122333805 116.59954528301 129.17948277993 142.60085470485 153.51041628955 164.31821728567 231.52569942549 245.57217754331 258.19201015193 268.49770645402 282.10931650154 346.8989195989 360.22453841986 374.46523789316 389.2808645335 400.96106580458 461.43986394373 473.08863309422 487.63579507568 502.62187359715 516.62691176147 576.68264113297 589.49212874798 600.61902874894 613.87815953511 628.01547234109 691.16643579584 703.81384762843 713.91794752819 724.73594321311 735.55564609264","504901.1 504902.1 504903.1 504904.1 504905.1 510901.1 510902.1 510903.1 510904.1 510905.1 516901.1 516902.1 516903.1 516904.1 516905.1 522901.1 522902.1 522903.1 522904.1 522905.1 528901.1 528902 528903 528904 528905 534901 534902 534903 534904 534905 540901 540902 540903 540904 540905"
General-12-20260805-17:41:19-87901,vector,Florasat_Individual_Sats.terminal[14].dlk.mac,vector_preds_Transformer,,,"1.22229183326 13.59263077146 24.73193573766 36.12079155865 49.45680018399 116.77427841863 130.99875365664 145.69444619981 158.46140935715 169.62696607505 231.38076345809 245.70668980386 260.02240622206 271.08396327262 282.00458695669 346.21357896877 361.16164848371 371.88891091081 386.67223038664 397.41131054517 461.09536610381 473.13430140098 487.1000860883 499.84920025408 514.73400049448 576.41235954058 588.39872041763 599.78164374525 611.04741010162 622.34538218518 691.99620050308 706.1068682156 720.62156990217 731.68905532616 741.72362953471","505401.1 505402.1 505403.1 505404.1 505405.1 511401.1 511402.1 511403.1 511404.1 511405.1 517401.1 517402.1 517403.1 517404.1 517405.1 523401.1 523402.1 523403.1 523404.1 523405.1 529401.1 529402.1 529403.1 529404 529405 535401 535402 535403 535404 535405 541401 541402 541403 541404 541405"
General-12-20260805-17:41:19-87901,vector,Florasat_Individual_Sats.terminal[28].dlk.mac,vector_preds_Transformer,,,"1.23189552105 15.9232046071 27.70945105469 42.07657464547 52.32449951698 116.74668525439 127.98335014936 142.2351203193 157.0875933799 171.11798606557 231.82955721603 241.9303345806 254.07661043783 267.27485241345 280.39364880975 346.67568925931 359.73486547521 373.45885463454 386.43795626633 397.56586143676 461.9074944735 471.93792320811 486.86815676302 497.07757506891 510.6193411434 576.21718431404 589.93230699841 604.14102900238 614.44879231439 628.16612679674 691.52362550888 705.54523036978 717.24119983194 729.57907121325 740.79548538708","506801 506802 506803 506804 506805 512801 512802 512803 512804 512805 518801 518802 518803 518804 518805 524801 524802 524803 524804 524805 530801.1 530802.1 530803.1 530804.1 530805.1 536801.1 536802.1 536803.1 536804.1 536805.1 542801.1 542802.1 542803.1 542804.1 542805.1"
General-12-20260805-17:41:19-87901,vector,Florasat_Individual_Sats.terminal[50].dlk.mac,vector_preds_Transformer,,,"1.24581832322 11.34024619939 23.86494040256 35.61715321149 48.39951195637 116.94205394899 131.77801412367 141.99419625755 153.36744263023 163.40175480535 231.19111827388 241.81831272132 253.2548320915 266.74048153613 280.2328164461 346.00363853737 360.51798719797 372.20048998949 384.35159236426 396.21220247006 461.50882728328 474.93210372678 487.51635126933 497.79094479676 510.59672571766 576.65006955341 587.91086188588 598.52685382777 608.72859803565 621.1223582395 691.12271606736 705.64020688227 718.84117703117 730.08543387102 740.55868177372","509001.1 509002.1 509003.1 509004.1 509005.1 515001.1 515002.1 515003.1 515004.1 515005.1 521001.1 521002.1 521003.1 521004.1 521005.1 527001.1 527002.1 527003.1 527004.1 527005.1 533001.1 533002 533003 533004 533005 539001 539002 539003 539004 539005 545001 545002 545003 545004 545005"
General-12-20260805-17:41:19-87901,vector,Florasat_Individual_Sats.terminal[38].dlk.mac,vector_preds_Transformer,,,"1.28806319949 13.76823297399 25.20449018036 36.65531495982 50.57532470953 116.34908633167 127.74493814306 141.56480966112 152.40085631236 162.49312976701 231.4602270741 244.21905487962 257.73728232901 270.44754241547 282.42844151869 346.21970092831 359.88180485507 373.81095173372 387.97536350739 401.05363204678 461.52792883758 471.55943709729 485.96545994352 497.60724559031 511.96846579505 576.93393254839 591.0242404691 604.97484483594 618.49519235968 632.38446054818 691.65201967093 702.62550394027 714.26928820763 724.77915338566 734.93050090828","507801 507802 507803 507804 507805 513801 513802 513803 513804 513805 519801 519802 519803 519804 519805 525801 525802 525803.1 525804.1 525805.1 531801.1 531802.1 531803.1 531804.1 531805.1 537801.1 537802.1 537803.1 537804.1 537805.1 543801.1 543802.1 543803.1 543804.1 543805.1"
General-12-20260805-17:41:19-87901,vector,Florasat_Individual_Sats.terminal[48].dlk.mac,vector_preds_Transformer,,,"1.29407009832 14.47468899447 28.21495878185 38.56957097329 52.05970538455 116.2448564684 130.98189794808 142.59515029728 153.20643508109 163.47420831095 231.70399575518 243.84073045827 255.33739161585 270.24770283862 284.62072246615 346.52465658425 360.32946223789 372.3522016108 383.04654148453 397.75223911902 461.79002262512 475.14325844333 489.94118869514 502.59431020682 513.73095489898 576.3746939851 588.30870280462 598.61474026763 612.92363050231 625.18692286522 691.38398430636 701.49665742507 715.12255328102 725.31602134323 735.81293543661","508801.1 508802.1 508803.1 508804.1 508805.1 514801.1 514802.1 514803.1 514804.1 514805.1 520801.1 520802.1 520803.1 520804.1 520805.1 526801.1 526802 526803 526804 526805 532801 532802 532803 532804 532805 538801 538802 538803 538804 538805 544801 544802 544803 544804 544805"
General-12-20260805-17:41:19-87901,vector,Florasat_Individual_Sats.terminal[46].dlk.mac,vector_preds_Transformer,,,"1.31194211124 13.29155360163 27.17297100975 42.1630233496 53.28520186292 116.97950404696 129.69686425384 144.45426726108 156.40444225608 169.94044526806 231.92897815211 242.74363936112 255.83239369048 266.32262399257 278.37772249197 346.41120574553 356.5064810228 370.84845609031 384.6577276627 398.11397521639 461.36702416232 475.20454661455 486.21698426665 499.46157720406 513.86130226776 576.60970476572 591.60592091619 603.51210984751 617.08768317127 627.33340314357 691.33690404403 705.28361244989 717.94599510776 732.14977943502 744.73914632504","508601.1 508602.1 508603.1 508604.1 508605.1 514601.1 514602.1 514603.1 514604.1 514605.1 520601.1 520602.1 520603.1 520604.1 520605.1 526601.1 526602.1 526603 526604 526605 532601 532602 532603 532604 532605 538601 538602 538603 538604 538605 544601 544602 544603 544604 544605"
General-12-20260805-17:41:19-87901,vector,Florasat_Individual_Sats.terminal[4].dlk.mac,vector_preds_Transformer,,,"1.32516608108 15.23175717215 28.96970061469 43.25272676535 56.5036389872 116.85735528101 129.58607399463 140.79878405411 152.24888770119 162.41251517762 231.53176310775 244.5079359978 256.60536915483 269.69923912152 280.86189510953 346.11160046887 360.66457867041 373.16473837128 385.62224714901 398.26571394574 461.45449573989 473.96956690238 485.79033767455 498.40369628393 513.39655340766 576.62573291082 590.803543485 604.41784242494 617.36422030814 630.23796164757 691.9966038703 702.00228674361 713.43986953167 727.10167806852 739.62785159727","504401 504402 504403 504404 504405 510401 510402 510403 510404 510405 516401 516402 516403 516404 516405.1 522401.1 522402.1 522403.1 522404.1 522405.1 528401.1 528402.1 528403.1 528404.1 528405.1 534401.1 534402.1 534403.1 534404.1 534405.1 540401.1 540402 540403 540404 540405"
General-12-20260805-17:41:19-87901,vector,Florasat_Individual_Sats.terminal[23].dlk.mac,vector_preds_Transformer,,,"1.32547183405 11.48175542569 21.71220839466 36.53775933874 50.69527138234 116.27400786453 128.30378546915 139.65166535648 151.65612269962 165.35107975547 231.57737458032 243.3887569306 253.76784049697 264.37506917306 278.51860680758 346.42106884974 356.78881198983 368.74536524527 382.8637200885 396.97744491743 461.56294865627 471.94017501641 486.76461240603 500.07291420922 514.14799359022 576.52830322785 587.32199294073 602.04309379262 615.74775551026 629.02505254302 691.5154145069 704.37497368712 718.3569161459 733.01578033181 744.9638733517","506301 506302 506303 506304 506305 512301 512302 512303 512304 512305 518301 518302 518303 518304 518305 524301 524302 524303 524304 524305 530301 530302 530303 530304 530305 536301 536302 536303 536304 536305 542301 542302 542303 542304 542305"
General-12-20260805-17:41:19-87901,vector,Florasat_Individual_Sats.terminal[8].dlk.mac,vector_preds_Transformer,,,"1.32573807868 14.03780580172 28.82579115941 42.98441873304 54.18866377463 116.39027026016 130.29355844483 141.97604298126 152.64119143132 164.95781013043 231.46947099012 245.51302782492 259.78110753348 270.8752237854 281.06398845906 346.57547383173 357.90035491879 369.01412865915 382.39212826197 394.27928210422 461.20498022134 474.62468682392 485.08446837961 497.07191819278 511.16394923254 576.23656025063 590.77205418632 601.99965349305 613.46178832952 625.44029047037 691.533693281 706.27039163583 718.14261891507 728.14339405601 738.33224417502","504801 504802 504803 504804 504805 510801 510802 510803 510804 510805 516801 516802 516803 516804 516805 522801.1 522802.1 522803.1 522804.1 522805.1 528801.1 528802.1 528803.1 528804.1 528805.1 534801.1 534802.1 534803.1 534804.1 534805.1 540801.1 540802.1 540803.1 540804.1 540805.1"
General-12-20260805-17:41:19-87901,vector,Florasat_Individual_Sats.terminal[57].dlk.mac,vector_preds_Transformer,,,"1.34793221066 12.74608609313 24.38874090137 34.39901644993 45.80190435215 116.29684868129 127.9725955925 141.65757686343 154.83687687992 166.21760414658 231.94196518231 246.4978704364 259.89899219549 274.52732799994 288.77706321376 346.61025521462 361.36271375697 373.68798412615 385.35724345129 399.45526614436 461.48199105961 476.13535903254 489.41234096046 503.03358637588 515.22733395663 576.09271853114 587.54143259138 602.08236907724 614.51873300596 627.55732754128 691.58262938983 706.49233902246 721.05703306059 735.94392174297","509701.1 509702.1 509703.1 509704.1 509705.1 515701.1 515702.1 515703.1 515704.1 515705.1 521701.1 521702.1 521703.1 521704.1 521705.1 527701.1 527702.1 527703.1 527704.1 527705.1 533701 533702 533703 533704 533705 539701 539702 539703 539704 539705 545701 545702 545703 545704"
General-12-20260805-17:41:19-87901,vector,Florasat_Individual_Sats.terminal[56].dlk.mac,vector_preds_Transformer,,,"1.36536512757 12.72998811095 23.33105710568 36.37524619117 49.82019305928 116.90616677818 129.14464627113 141.49374071462 155.53930083127 167.61546401959 231.46057216963 244.6162602799 257.85242812638 271.4651605736 284.01075199991 346.12488791952 358.16305984999 372.4737593208 385.52602088568 395.56460170332 461.1850684844 472.65355833201 483.42948956741 497.5924834141 512.00669750198 576.56760535319 589.58993968321 600.17770983162 614.98755059321 627.1224811708 691.37482208409 702.58438206021 713.61959838284 724.00352615024 737.7865577801","509601 509602 509603 509604 509605 515601 515602 515603 515604 515605 521601 521602 521603 521604 521605 527601 527602 527603 527604 527605 533601 533602 533603 533604 533605 539601 539602 539603 539604 539605 545601 545602 545603 545604 545605"
General-12-20260805-17:41:19-87901,vector,Florasat_Individual_Sats.terminal[54].dlk.mac,vector_preds_Transformer,,,"1.39673404465 13.73509255889 25.73120865691 36.76595521345 49.62186081986 116.34435137897 130.18979863893 142.77708109515 153.90768285073 166.83911960154 231.81242762227 242.19133891026 254.28445509845 264.83841040615 276.8302570223 346.42518250248 356.47514938004 366.62871904415 381.54747415078 396.45123870555 461.6998509781 474.57425175328 486.79061615002 501.37120346865 514.9711085097 576.01264460292 587.7661764219 602.17539769877 613.48528526887 623.48957430968 691.40444680094 702.94981344464 716.95636872994 728.48058677139 743.34298015083","509401 509402 509403 509404 509405 515401 515402 515403 515404 515405 521401 521402 521403 521404 521405 527401 527402 527403 527404 527405 533401 533402 533403 533404 533405 539401 539402 539403 539404 539405 545401 545402 545403 545404 545405"
General-12-20260805-17:41:19-87901,vector,Florasat_Individual_Sats.terminal[44].dlk.mac,vector_preds_Transformer,,,"1.41786701209 16.18793787714 30.39382748003 42.76530868653 53.68205402326 116.57548200595 129.39921561186 140.16700067115 153.87003093399 168.56905848044 231.03193497215 244.72625547135 255.09976459131 268.37042187154 282.59726259438 346.69999384461 359.04794843541 369.25219809776 382.09861528151 394.27628179103 461.80920738983 475.6958867216 490.25284139113 504.61477300524 515.74297980312 576.25980571215 587.47225510958 602.05684527359 613.68901944207 627.19572595623 691.43242593738 703.50042608217 716.8395982706 730.11037173215 741.0543047206","508401.1 508402.1 508403.1 508404.1 508405.1 514401.1 514402.1 514403.1 514404.1 514405.1 520401.1 520402.1 520403.1 520404.1 520405.1 526401.1 526402.1 526403.1 526404.1 526405.1 532401.1 532402.1 532403.1 532404.1 532405.1 538401 538402 538403 538404 538405 544401 544402 544403 544404 544405"
General-12-20260805-17:41:19-87901,vector,Florasat_Individual_Sats.terminal[10].dlk.mac,vector_preds_Transformer,,,"1.44607348694 15.14426303073 28.76257390692 43.6320128534 56.53386940458 116.29809456365 130.62964013964 143.79935209826 155.06636008458 165.32019352844 231.29435658804 241.97296902304 253.32571877166 267.36776592209 281.30014817113 346.90121445083 358.70021100016 368.99183701002 383.35529990937 393.48374357308 461.20340171107 475.48818857712 489.57007214381 500.41081772023 513.27566980804 576.82351024379 588.91042491095 601.38654739037 615.64156407513 628.47634656145 691.22862334107 702.06446442148 712.75799822738 724.57776201051 738.57787980326","505001.1 505002.1 505003.1 505004.1 505005.1 511001.1 511002.1 511003.1 511004.1 511005.1 517001.1 517002.1 517003.1 517004.1 517005.1 523001.1 523002.1 523003.1 523004.1 523005.1 529001.1 529002.1 529003.1 529004.1 529005.1 535001 535002 535003 535004 535005 541001 541002 541003 541004 541005"
General-12-20260805-17:41:19-87901,vector,Florasat_Individual_Sats.terminal[0].dlk.mac,vector_preds_Transformer,,,"1.45534632844 12.31273463927 24.78721409803 38.97323282202 50.83809961331 116.71358385892 130.32374787215 140.54388156348 150.6305978268 163.68404176972 231.93633910757 242.89950414816 257.30904862889 270.9919342785 285.04287034761 346.77953784284 359.21075678826 370.6737089511 382.52886046702 397.23027345887 461.93890459463 473.20647423598 487.71167705162 499.66320964369 513.90586477333 576.06691868184 589.56454650988 601.21905369475 612.39656956774 625.7616850806 691.89571372909 704.40652055061 716.12444775156 731.08494672203 742.93707404263","504001.1 504002.1 504003.1 504004.1 504005.1 510001.1 510002.1 510003.1 510004.1 510005.1 516001.1 516002.1 516003.1 516004.1 516005.1 522001.1 522002.1 522003.1 522004.1 522005.1 528001.1 528002.1 528003.1 528004.1 528005.1 534001 534002 534003 534004 534005 540001 540002 540003 540004 540005"
General-12-20260805-17:41:19-87901,vector,Florasat_Individual_Sats.terminal[49].dlk.mac,vector_preds_Transformer,,,"1.46163719567 14.29191954528 25.73313600245 36.991880005 48.62578685373 116.78804753046 127.51211276208 141.26538701518 152.72100497083 163.9066385657 231.83946889266 244.84305971674 257.08650245703 267.93700222531 282.74872513511 346.46307237842 361.19024447328 372.64284928259 386.85752031905 401.55931172007 461.76214361936 475.65237424942 486.76626810595 500.65351390071 514.25981666684 576.94674449717 590.04309960734 603.47481738403 617.81761495606 630.31662530824 691.94781314349 704.28056545323 715.50781043596 725.81883666339 737.06510570367","508901.1 508902.1 508903.1 508904.1 508905.1 514901.1 514902.1 514903.1 514904.1 514905.1 520901.1 520902.1 520903.1 520904.1 520905.1 526901.1 526902 526903 526904 526905 532901 532902 532903 532904 532905 538901 538902 538903 538904 538905 544901 544902 544903 544904 544905"
General-12-20260805-17:41:19-87901,vector,Florasat_Individual_Sats.terminal[15].dlk.mac,vector_preds_Transformer,,,"1.46826758329 14.88988444954 26.7600359004 38.12521921168 52.45712004299 116.9020053877 131.43470541737 144.27572310367 158.05613959022 172.92393396422 231.91088491119 242.38035390735 253.20628914865 265.1243895688 277.3381029209 346.57591384393 357.58084155293 368.96752384514 380.49857766507 392.16494257585 461.61625876138 476.00328278309 488.89021355007 498.98142547044 510.87478079763 576.87566798553 587.86894415645 598.56807633443 610.69597161049 622.03632579325 691.70361162256 703.64130398351 715.56328920041 726.25661588366 738.0702463698","505501.1 505502.1 505503.1 505504.1 505505.1 511501.1 511502.1 511503.1 511504.1 511505.1 517501.1 517502.1 517503.1 517504.1 517505.1 523501.1 523502.1 523503.1 523504.1 523505.1 529501.1 529502.1 529503.1 529504.1 529505.1 535501 535502 535503 535504 535505 541501 541502 541503 541504 541505"
General-12-20260805-17:41:19-87901,vector,Florasat_Individual_Sats.terminal[27].dlk.mac,vector_preds_Transformer,,,"1.47310246644 12.61102009728 27.31501595164 41.2477875005 54.03622743953 116.05670476309 130.90190758789 142.51221978199 156.63775757165 167.90246986528 231.97282231902 245.37343788799 257.43398987944 269.80896168994 284.64504224737 346.09439705522 357.31158830598 368.1596004162 381.35620718612 395.01161575573 461.46778802434 472.77726951451 483.81227554916 496.4324066001 509.18150916393 576.17688255431 590.90811502002 604.62399144703 617.49650474684 632.28258437873 691.55567338318 702.26991449576 713.28269698867 726.14501166833 737.00223549828","506701.1 506702.1 506703.1 506704.1 506705.1 512701.1 512702.1 512703.1 512704.1 512705.1 518701.1 518702.1 518703.1 518704.1 518705.1 524701.1 524702.1 524703.1 524704.1 524705.1 530701 530702 530703 530704 530705 536701 536702 536703 536704 536705 542701 542702 542703 542704 542705"
General-12-20260805-17:41:19-87901,vector,Florasat_Individual_Sats.terminal[40].dlk.mac,vector_preds_Transformer,,,"1.49932385446 13.89388117381 28.8657218325 39.09529285995 52.03076312342 116.24476163392 129.95051655662 142.09783562668 156.37900801934 171.00300613302 231.03455771832 243.09569290979 256.18290839275 266.77089166851 276.88878224255 346.2216956194 357.88964478322 369.1370704784 380.59904328803 393.3116057075 461.07444427744 473.30452514067 485.71294645033 495.8208227246 508.12466314481 576.54682376422 587.05531856744 598.44280641643 610.25288240752 622.79267383857 691.31592038553 702.46601257124 715.39794774028 726.13213128644 737.34560645303","508001 508002 508003 508004.1 508005.1 514001.1 514002.1 514003.1 514004.1 514005.1 520001.1 520002.1 520003.1 520004.1 520005.1 526001.1 526002.1 526003.1 526004.1 526005.1 532001.1 532002.1 532003.1 532004.1 532005.1 538001 538002 538003 538004 538005 544001 544002 544003 544004 544005"
General-12-20260805-17:41:19-87901,vector,Florasat_Individual_Sats.terminal[53].dlk.mac,vector_preds_Transformer,,,"1.52393114124 15.29405286838 27.52388958656 40.12792723207 53.19458377501 116.35286306823 129.52029261948 142.18779238384 153.69422629569 166.81993097044 231.27214152389 243.5073791272 256.68367285305 268.74148587487 280.12391132908 346.12792811729 359.35585322347 373.50388204818 385.0437486628 395.07877272111 461.07569023804 472.00221913704 482.4466727844 493.25000354857 507.17277612607 576.73410297045 590.60955813876 603.83736210316 616.88525794912 628.07384065492 691.36416669609 701.97247972968 714.76257588272 725.77117629023 737.93491976242","509301 509302 509303 509304 509305 515301 515302 515303 515304 515305 521301 521302 521303 521304 521305 527301 527302 527303 527304 527305 533301 533302 533303 533304 533305 539301 539302 539303 539304 539305 545301 545302 545303 545304 545305"
General-12-20260805-17:41:19-87901,vector,Florasat_Individual_Sats.satellite[0].dlkDSL.mac,VectorTransmitMethod_ReceptionResult,,,"1.54683318472 12.13077419939 14.06207804935 25.60491677275 35.65643946212 36.73404369754 37.97794732259 40.30974246342 42.8288435005 44.4225408534 48.36021481003 49.64063328917 50.83778581484 51.27432361331 51.2910574342 52.85023338455 54.47258202326 55.61728343953 57.32439740458 59.18552220114 129.51271258032 130.18974361186 131.84642553463 139.30191953451 139.71601312737 140.25627237738 142.10483274017 143.56921278935 146.73984501048 150.23028755927 153.04993070982 154.71866236644 154.72890139771 155.85688808458 158.84666759022 158.89763335715 160.46699003669 161.61923574883 163.53805024842 165.10874528567 165.207933044 166.11072152844 166.92168843716 168.93836022814 170.95905998831 171.31916962917 173.71446196422 242.74422892246 255.89029259131 257.33831310659 257.74527262889 258.98253815193 259.69572170026 260.45863022206 265.9149175688 267.62404865905 267.89501227453 268.81064293319 272.55894334725 274.97945533254 279.2442161843 280.72258584777 282.09067617113 283.38779059438 283.62315484318 284.455864669 286.27389605194 287.55778338032 287.73002972597 290.35811921376 361.76986143569 367.19768942696 367.92944646597 368.8067149617 371.54387834681 373.60096237128 374.59940364365 374.90563667372 377.33641276604 381.28910566507 382.06084861436 382.88914328151 383.97318426197 384.18465682089 384.54390863738 386.05847114901 387.10845438664 389.46740383822 390.0713925335 394.27427157308 395.75232575498 395.86033810422 398.85325787928 401.16468833297 401.84416004678 403.27982861972 462.31845683758 472.34996509729 473.45928748188 475.05358193553 475.70552149269 476.88048595346 483.70462967133 486.75598794352 488.6880388819 488.94421745155 490.30796922876 490.52623941311 494.50312728848 495.35599531074 496.88780873682 498.39777359031 498.83992028393 500.35551515236 501.20134572023 501.93345619975 505.40530100524 506.59693196233 506.67326075437 508.0221877151 508.69693459262 510.83267424958 511.0555651434 512.74500523254 512.75899379505 513.83277740766 514.06619780804 516.45356105388 516.53350780312 576.65340831404 588.6518981952 588.97241910304 589.73265241775 590.36853099841 591.8147684691 599.22624851151 600.45068978974 602.7215038807 604.57725300238 605.76537283594 606.54286653156 612.18498496399 613.48303385465 614.88501631439 617.25706179592 617.80044430814 619.28572035968 620.91986258052 627.02134647037 628.60235079674 629.5218811658 630.5829716319 630.67418564757 632.94360664095 633.17498854818 691.95984950888 692.72100845435 705.98145436978 707.26558946273 714.23136720262 715.05981620763 717.67742383194 720.59744691094 730.01529521325 735.27157014785 741.23170938708","505801 509002 505802 505803 504504 505804 505704 504904 506704 505004 504505 505705 505805 504005 505905 508805 508405 506705 505005 506005 511802 514402 511702 513003 512203 513403 513903 510303 513203 513004 511804 513404 514704 511004 511504 511404 513204 513005 510505 510905 511805 511005 511705 513405 510105 513205 511505 519102 520403 516503 516003 516903 519403 517403 517504 517804 516504 519004 516104 519204 517805 519305 517005 520405 519005 516105 519905 519405 519205 521705 525102 525603 523703 522103 525503 522403 522503 526203 525203 523504 522104 526404 522804 522304 525504 522404 523404 522704 522904 523005 525505 522805 525905 522605 525805 522705 531801 531802 528602 532202 531002 531302 528603 531803 531703 531003 531303 529603 528304 528604 528104 531804 528404 531604 529004 532104 532404 528605 531105 528305 532205 528705 530805 528805 531805 528405 529005 529605 532405 536801 534102 539802 537502 536802 537802 534103 537503 539803 536803 537803 534703 537504 534504 536804 539804 534404 537804 534704 534805 536805 539805 537605 534405 534705 537805 542801 545801 542802 545802 543503 543803 542803 545803 542804 545804 542805"
General-12-20260805-17:41:19-87901,vector,Florasat_Individual_Sats.satellite[0].dlkDSL.mac,Satellite Position when Repetition Received,,,"1.54683318472 12.13077419939 14.06207804935 25.60491677275 35.65643946212 36.73404369754 37.97794732259 40.30974246342 42.8288435005 44.4225408534 48.36021481003 49.64063328917 50.83778581484 51.27432361331 51.2910574342 52.85023338455 54.47258202326 55.61728343953 57.32439740458 59.18552220114 129.51271258032 130.18974361186 131.84642553463 139.30191953451 139.71601312737 140.25627237738 142.10483274017 143.56921278935 146.73984501048 150.23028755927 153.04993070982 154.71866236644 154.72890139771 155.85688808458 158.84666759022 158.89763335715 160.46699003669 161.61923574883 163.53805024842 165.10874528567 165.207933044 166.11072152844 166.92168843716 168.93836022814 170.95905998831 171.31916962917 173.71446196422 242.74422892246 255.89029259131 257.33831310659 257.74527262889 258.98253815193 259.69572170026 260.45863022206 265.9149175688 267.62404865905 267.89501227453 268.81064293319 272.55894334725 274.97945533254 279.2442161843 280.72258584777 282.09067617113 283.38779059438 283.62315484318 284.455864669 286.27389605194 287.55778338032 287.73002972597 290.35811921376 361.76986143569 367.19768942696 367.92944646597 368.8067149617 371.54387834681 373.60096237128 374.59940364365 374.90563667372 377.33641276604 381.28910566507 382.06084861436 382.88914328151 383.97318426197 384.18465682089 384.54390863738 386.05847114901 387.10845438664 389.46740383822 390.0713925335 394.27427157308 395.75232575498 395.86033810422 398.85325787928 401.16468833297 401.84416004678 403.27982861972 462.31845683758 472.34996509729 473.45928748188 475.05358193553 475.70552149269 476.88048595346 483.70462967133 486.75598794352 488.6880388819 488.94421745155 490.30796922876 490.52623941311 494.50312728848 495.35599531074 496.88780873682 498.39777359031 498.83992028393 500.35551515236 501.20134572023 501.93345619975 505.40530100524 506.59693196233 506.67326075437 508.0221877151 508.69693459262 510.83267424958 511.0555651434 512.74500523254 512.75899379505 513.83277740766 514.06619780804 516.45356105388 516.53350780312 576.65340831404 588.6518981952 588.97241910304 589.73265241775 590.36853099841 591.8147684691 599.22624851151 600.45068978974 602.7215038807 604.57725300238 605.76537283594 606.54286653156 612.18498496399 613.48303385465 614.88501631439 617.25706179592 617.80044430814 619.28572035968 620.91986258052 627.02134647037 628.60235079674 629.5218811658 630.5829716319 630.67418564757 632.94360664095 633.17498854818 691.95984950888 692.72100845435 705.98145436978 707.26558946273 714.23136720262 715.05981620763 717.67742383194 720.59744691094 730.01529521325 735.27157014785 741.23170938708","180 180 180 180 180 180 180 180 180 180 180 180 180 180 180 180 180 180 180 180 180 180 180 180 180 180 180 180 180 180 180 180 180 180 180 180 180 180 180 180 180 180 180 180 180 180 180 180 180 180 180 180 180 180 180 180 180 180 180 180 180 180 180 180 180 180 180 180 180 180 180 180 180 180 180 180 180 180 180 180 180 180 180 180 180 180 180 180 180 180 180 180 180 180 180 180 180 180 180 180 180 180 180 180 180 180 180 180 180 180 180 180 180 180 180 180 180 180 180 180 180 180 180 180 180 180 180 180 180 180 180 180 180 180 180 180 180 180 180 180 180 180 180 180 180 180 180 180 180 180 180 180 180 180 180 180 180 180 180 180 180 180 180 180 180 180"
General-12-20260805-17:41:19-87901,vector,Florasat_Individual_Sats.satellite[0].dlkDSL.mac,Repetition Position for Node 357 at Satellite,,,"1.54683318472 14.06207804935 25.60491677275 36.73404369754 50.83778581484 129.51271258032 153.04993070982 165.207933044 267.62404865905 279.2442161843","180 180 180 180 180 180 180 180 180 180"
General-12-20260805-17:41:19-87901,vector,Florasat_Individual_Sats.satellite[0].dlkDSL.mac,All Nodes Repetition Generation Delay at Satellite,,,"1.54683318472 12.13077419939 14.06207804935 25.60491677275 35.65643946212 36.73404369754 37.97794732259 40.30974246342 42.8288435005 44.4225408534 48.36021481003 49.64063328917 50.83778581484 51.27432361331 51.2910574342 52.85023338455 54.47258202326 55.61728343953 57.32439740458 59.18552220114 129.51271258032 130.18974361186 131.84642553463 139.30191953451 139.71601312737 140.25627237738 142.10483274017 143.56921278935 146.73984501048 150.23028755927 153.04993070982 154.71866236644 154.72890139771 155.85688808458 158.84666759022 158.89763335715 160.46699003669 161.61923574883 163.53805024842 165.10874528567 165.207933044 166.11072152844 166.92168843716 168.93836022814 170.95905998831 171.31916962917 173.71446196422 242.74422892246 255.89029259131 257.33831310659 257.74527262889 258.98253815193 259.69572170026 260.45863022206 265.9149175688 267.62404865905 267.89501227453 268.81064293319 272.55894334725 274.97945533254 279.2442161843 280.72258584777 282.09067617113 283.38779059438 283.62315484318 284.455864669 286.27389605194 287.55778338032 287.73002972597 290.35811921376 361.76986143569 367.19768942696 367.92944646597 368.8067149617 371.54387834681 373.60096237128 374.59940364365 374.90563667372 377.33641276604 381.28910566507 382.06084861436 382.88914328151 383.97318426197 384.18465682089 384.54390863738 386.05847114901 387.10845438664 389.46740383822 390.0713925335 394.27427157308 395.75232575498 395.86033810422 398.85325787928 401.16468833297 401.84416004678 403.27982861972 462.31845683758 472.34996509729 473.45928748188 475.05358193553 475.70552149269 476.88048595346 483.70462967133 486.75598794352 488.6880388819 488.94421745155 490.30796922876 490.52623941311 494.50312728848 495.35599531074 496.88780873682 498.39777359031 498.83992028393 500.35551515236 501.20134572023 501.93345619975 505.40530100524 506.59693196233 506.67326075437 508.0221877151 508.69693459262 510.83267424958 511.0555651434 512.74500523254 512.75899379505 513.83277740766 514.06619780804 516.45356105388 516.53350780312 576.65340831404 588.6518981952 588.97241910304 589.73265241775 590.36853099841 591.8147684691 599.22624851151 600.45068978974 602.7215038807 604.57725300238 605.76537283594 606.54286653156 612.18498496399 613.48303385465 614.88501631439 617.25706179592 617.80044430814 619.28572035968 620.91986258052 627.02134647037 628.60235079674 629.5218811658 630.5829716319 630.67418564757 632.94360664095 633.17498854818 691.95984950888 692.72100845435 705.98145436978 707.26558946273 714.23136720262 715.05981620763 717.67742383194 720.59744691094 730.01529521325 735.27157014785 741.23170938708","0.54683318472 11.13077419939 13.06207804935 24.60491677275 34.65643946212 35.73404369754 36.97794732259 39.30974246342 41.8288435005 43.4225408534 47.36021481003 48.64063328917 49.83778581484 50.27432361331 50.2910574342 51.85023338455 53.47258202326 54.61728343953 56.32439740458 58.18552220114 13.51271258032 14.18974361186 15.84642553463 23.30191953451 23.71601312737 24.25627237738 26.10483274017 27.56921278935 30.73984501048 34.23028755927 37.04993070982 38.71866236644 38.72890139771 39.85688808458 42.84666759022 42.89763335715 44.46699003669 45.61923574883 47.53805024842 49.10874528567 49.207933044 50.11072152844 50.92168843716 52.93836022814 54.95905998831 55.31916962917 57.71446196422 11.74422892246 24.89029259131 26.33831310659 26.74527262889 27.98253815193 28.69572170026 29.45863022206 34.9149175688 36.62404865905 36.89501227453 37.81064293319 41.55894334725 43.97945533254 48.2442161843 49.72258584777 51.09067617113 52.38779059438 52.62315484318 53.455864669 55.27389605194 56.55778338032 56.73002972597 59.35811921376 15.76986143569 21.19768942696 21.92944646597 22.8067149617 25.54387834681 27.60096237128 28.59940364365 28.90563667372 31.33641276604 35.28910566507 36.06084861436 36.88914328151 37.97318426197 38.18465682089 38.54390863738 40.05847114901 41.10845438664 43.46740383822 44.0713925335 48.27427157308 49.75232575498 49.86033810422 52.85325787928 55.16468833297 55.84416004678 57.27982861972 1.31845683758 11.34996509729 12.45928748188 14.05358193553 14.70552149269 15.88048595346 22.70462967133 25.75598794352 27.6880388819 27.94421745155 29.30796922876 29.52623941311 33.50312728848 34.35599531074 35.88780873682 37.39777359031 37.83992028393 39.35551515236 40.20134572023 40.93345619975 44.40530100524 45.59693196233 45.67326075437 47.0221877151 47.69693459262 49.83267424958 50.0555651434 51.74500523254 51.75899379505 52.83277740766 53.06619780804 55.45356105388 55.53350780312 0.65340831404001 12.6518981952 12.97241910304 13.73265241775 14.36853099841 15.8147684691 23.22624851151 24.45068978974 26.7215038807 28.57725300238 29.76537283594 30.54286653156 36.18498496399 37.48303385465 38.88501631439 41.25706179592 41.80044430814 43.28572035968 44.91986258052 51.02134647037 52.60235079674 53.5218811658 54.5829716319 54.67418564757 56.94360664095 57.17498854818 0.95984950887998 1.72100845435 14.98145436978 16.26558946273 23.23136720262 24.05981620763 26.67742383194 29.59744691094 39.01529521325 44.27157014785 50.23170938708"
General-12-20260805-17:41:19-87901,vector,Florasat_Individual_Sats.satellite[0].dlkDSL.mac,Repetition Generation Delay for Node 357 at Satellite,,,"1.54683318472 14.06207804935 25.60491677275 36.73404369754 50.83778581484 129.51271258032 153.04993070982 165.207933044 267.62404865905 279.2442161843","0.54683318472 13.06207804935 24.60491677275 35.73404369754 49.83778581484 13.51271258032 37.04993070982 49.207933044 36.62404865905 48.2442161843"
General-12-20260805-17:41:19-87901,vector,Florasat_Individual_Sats.satellite[0].dlkDSL.mac,Successful Repetition Number counted for MAC protocol,,,"1.54683318472 12.13077419939 35.65643946212 37.97794732259 40.30974246342 42.8288435005 44.4225408534 51.27432361331 51.2910574342 52.85023338455 54.47258202326 59.18552220114 129.51271258032 130.18974361186 131.84642553463 139.30191953451 139.71601312737 140.25627237738 142.10483274017 143.56921278935 146.73984501048 154.72890139771 155.85688808458 158.84666759022 158.89763335715 163.53805024842 165.10874528567 170.95905998831 242.74422892246 255.89029259131 257.33831310659 257.74527262889 258.98253815193 259.69572170026 260.45863022206 265.9149175688 267.62404865905 268.81064293319 272.55894334725 274.97945533254 280.72258584777 282.09067617113 286.27389605194 290.35811921376 361.76986143569 367.19768942696 367.92944646597 368.8067149617 371.54387834681 373.60096237128 374.59940364365 374.90563667372 377.33641276604 381.28910566507 382.88914328151 383.97318426197 384.18465682089 387.10845438664 389.46740383822 390.0713925335 394.27427157308 398.85325787928 401.16468833297 401.84416004678 462.31845683758 473.45928748188 475.05358193553 475.70552149269 476.88048595346 488.6880388819 490.52623941311 494.50312728848 496.88780873682 498.83992028393 500.35551515236 501.20134572023 501.93345619975 505.40530100524 506.67326075437 510.83267424958 511.0555651434 512.74500523254 576.65340831404 588.6518981952 588.97241910304 589.73265241775 591.8147684691 606.54286653156 613.48303385465 617.80044430814 627.02134647037 630.5829716319 691.95984950888 692.72100845435 714.23136720262 715.05981620763","1 2 4 4 4 4 4 5 5 5 5 5 2 2 2 3 3 3 3 3 3 4 4 4 4 5 5 5 2 3 3 3 3 3 3 4 4 4 4 4 5 5 5 5 2 3 3 3 3 3 3 3 3 4 4 4 4 4 4 4 5 5 5 5 1 2 2 2 2 3 3 4 4 4 4 4 4 4 5 5 5 5 1 2 2 2 2 3 4 4 5 5 1 1 3 3"
General-12-20260805-17:41:19-87901,vector,Florasat_Individual_Sats.satellite[0].dlkDSL.mac,Successful Repetition Number counted for the Model,,,"1.54683318472 12.13077419939 35.65643946212 37.97794732259 40.30974246342 42.8288435005 44.4225408534 51.27432361331 51.2910574342 52.85023338455 54.47258202326 59.18552220114 129.51271258032 130.18974361186 131.84642553463 139.30191953451 139.71601312737 140.25627237738 142.10483274017 143.56921278935 146.73984501048 154.72890139771 155.85688808458 158.84666759022 158.89763335715 163.53805024842 165.10874528567 170.95905998831 242.74422892246 255.89029259131 257.33831310659 257.74527262889 258.98253815193 259.69572170026 260.45863022206 265.9149175688 267.62404865905 268.81064293319 272.55894334725 274.97945533254 280.72258584777 282.09067617113 286.27389605194 290.35811921376 361.76986143569 367.19768942696 367.92944646597 368.8067149617 371.54387834681 373.60096237128 374.59940364365 374.90563667372 377.33641276604 381.28910566507 382.88914328151 383.97318426197 384.18465682089 387.10845438664 389.46740383822 390.0713925335 394.27427157308 398.85325787928 401.16468833297 401.84416004678 462.31845683758 473.45928748188 475.05358193553 475.70552149269 476.88048595346 488.6880388819 490.52623941311 494.50312728848 496.88780873682 498.83992028393 500.35551515236 501.20134572023 501.93345619975 505.40530100524 506.67326075437 510.83267424958 511.0555651434 512.74500523254 576.65340831404 588.6518981952 588.97241910304 589.73265241775 591.8147684691 606.54286653156 613.48303385465 617.80044430814 627.02134647037 630.5829716319 691.95984950888 692.72100845435 714.23136720262 715.05981620763","1 2 2 4 4 4 4 5 5 5 5 5 2 2 2 3 3 3 3 3 3 4 4 4 4 5 5 5 2 3 3 3 3 3 3 4 4 4 4 4 5 5 5 5 2 1 3 3 3 3 3 3 3 4 4 4 4 4 4 4 5 5 2 3 1 2 2 2 2 3 3 4 4 4 4 4 4 4 5 5 5 5 1 2 2 2 2 3 4 4 5 5 1 1 3 3"
General-12-20260805-17:41:19-87901,vector,Florasat_Individual_Sats.satellite[0].dlkDSL.mac,All Nodes Message Generation Delay at Satellite,,,"1.54683318472 12.13077419939 35.65643946212 37.97794732259 40.30974246342 42.8288435005 44.4225408534 51.27432361331 51.2910574342 52.85023338455 54.47258202326 59.18552220114 129.51271258032 130.18974361186 131.84642553463 139.30191953451 139.71601312737 140.25627237738 142.10483274017 143.56921278935 146.73984501048 154.72890139771 155.85688808458 158.84666759022 158.89763335715 163.53805024842 165.10874528567 170.95905998831 242.74422892246 255.89029259131 257.33831310659 257.74527262889 258.98253815193 259.69572170026 260.45863022206 265.9149175688 267.62404865905 268.81064293319 272.55894334725 274.97945533254 280.72258584777 282.09067617113 286.27389605194 290.35811921376 361.76986143569 367.19768942696 367.92944646597 368.8067149617 371.54387834681 373.60096237128 374.59940364365 374.90563667372 377.33641276604 381.28910566507 382.88914328151 383.97318426197 384.18465682089 387.10845438664 389.46740383822 390.0713925335 394.27427157308 398.85325787928 401.16468833297 401.84416004678 462.31845683758 473.45928748188 475.05358193553 475.70552149269 476.88048595346 488.6880388819 490.52623941311 494.50312728848 496.88780873682 498.83992028393 500.35551515236 501.20134572023 501.93345619975 505.40530100524 506.67326075437 510.83267424958 511.0555651434 512.74500523254 576.65340831404 588.6518981952 588.97241910304 589.73265241775 591.8147684691 606.54286653156 613.48303385465 617.80044430814 627.02134647037 630.5829716319 691.95984950888 692.72100845435 714.23136720262 715.05981620763","0.54683318472 11.13077419939 34.65643946212 36.97794732259 39.30974246342 41.8288435005 43.4225408534 50.27432361331 50.2910574342 51.85023338455 53.47258202326 58.18552220114 13.51271258032 14.18974361186 15.84642553463 23.30191953451 23.71601312737 24.25627237738 26.10483274017 27.56921278935 30.73984501048 38.72890139771 39.85688808458 42.84666759022 42.89763335715 47.53805024842 49.10874528567 54.95905998831 11.74422892246 24.89029259131 26.33831310659 26.74527262889 27.98253815193 28.69572170026 29.45863022206 34.9149175688 36.62404865905 37.81064293319 41.55894334725 43.97945533254 49.72258584777 51.09067617113 55.27389605194 59.35811921376 15.76986143569 21.19768942696 21.92944646597 22.8067149617 25.54387834681 27.60096237128 28.59940364365 28.90563667372 31.33641276604 35.28910566507 36.88914328151 37.97318426197 38.18465682089 41.10845438664 43.46740383822 44.0713925335 48.27427157308 52.85325787928 55.16468833297 55.84416004678 1.31845683758 12.45928748188 14.05358193553 14.70552149269 15.88048595346 27.6880388819 29.52623941311 33.50312728848 35.88780873682 37.83992028393 39.35551515236 40.20134572023 40.93345619975 44.40530100524 45.67326075437 49.83267424958 50.0555651434 51.74500523254 0.65340831404001 12.6518981952 12.97241910304 13.73265241775 15.8147684691 30.54286653156 37.48303385465 41.80044430814 51.02134647037 54.5829716319 0.95984950887998 1.72100845435 23.23136720262 24.05981620763"
General-12-20260805-17:41:19-87901,vector,Florasat_Individual_Sats.satellite[0].dlkDSL.mac,Message Generation Delay for Node 357 at Satellite,,,"1.54683318472 129.51271258032 267.62404865905","0.54683318472 13.51271258032 36.62404865905"
General-12-20260805-17:41:19-87901,vector,Florasat_Individual_Sats.satellite[0].net.packetHandler,packets received,,,"1.54683318472 12.13077419939 14.06207804935 25.60491677275 35.65643946212 36.73404369754 37.97794732259 40.30974246342 42.8288435005 44.4225408534 48.36021481003 49.64063328917 50.83778581484 51.27432361331 51.2910574342 52.85023338455 54.47258202326 55.61728343953 57.32439740458 59.18552220114 129.51271258032 130.18974361186 131.84642553463 139.30191953451 139.71601312737 140.25627237738 142.10483274017 143.56921278935 146.73984501048 150.23028755927 153.04993070982 154.71866236644 154.72890139771 155.85688808458 158.84666759022 158.89763335715 160.46699003669 161.61923574883 163.53805024842 165.10874528567 165.207933044 166.11072152844 166.92168843716 168.93836022814 170.95905998831 171.31916962917 173.71446196422 242.74422892246 255.89029259131 257.33831310659 257.74527262889 258.98253815193 259.69572170026 260.45863022206 265.9149175688 267.62404865905 267.89501227453 268.81064293319 272.55894334725 274.97945533254 279.2442161843 280.72258584777 282.09067617113 283.38779059438 283.62315484318 284.455864669 286.27389605194 287.55778338032 287.73002972597 290.35811921376 361.76986143569 367.19768942696 367.92944646597 368.8067149617 371.54387834681 373.60096237128 374.59940364365 374.90563667372 377.33641276604 381.28910566507 382.06084861436 382.88914328151 383.97318426197 384.18465682089 384.54390863738 386.05847114901 387.10845438664 389.46740383822 390.0713925335 394.27427157308 395.75232575498 395.86033810422 398.85325787928 401.16468833297 401.84416004678 403.27982861972 462.31845683758 472.34996509729 473.45928748188 475.05358193553 475.70552149269 476.88048595346 483.70462967133 486.75598794352 488.6880388819 488.94421745155 490.30796922876 490.52623941311 494.50312728848 495.35599531074 496.88780873682 498.39777359031 498.83992028393 500.35551515236 501.20134572023 501.93345619975 505.40530100524 506.59693196233 506.67326075437 508.0221877151 508.69693459262 510.83267424958 511.0555651434 512.74500523254 512.75899379505 513.83277740766 514.06619780804 516.45356105388 516.53350780312 576.65340831404 588.6518981952 588.97241910304 589.73265241775 590.36853099841 591.8147684691 599.22624851151 600.45068978974 602.7215038807 604.57725300238 605.76537283594 606.54286653156 612.18498496399 613.48303385465 614.88501631439 617.25706179592 617.80044430814 619.28572035968 620.91986258052 627.02134647037 628.60235079674 629.5218811658 630.5829716319 630.67418564757 632.94360664095 633.17498854818 691.95984950888 692.72100845435 705.98145436978 707.26558946273 714.23136720262 715.05981620763 717.67742383194 720.59744691094 730.01529521325 735.27157014785 741.23170938708","1 2 3 4 5 6 7 8 9 10 11 12 13 14 15 16 17 18 19 20 21 22 23 24 25 26 27 28 29 30 31 32 33 34 35 36 37 38 39 40 41 42 43 44 45 46 47 48 49 50 51 52 53 54 55 56 57 58 59 60 61 62 63 64 65 66 67 68 69 70 71 72 73 74 75 76 77 78 79 80 81 82 83 84 85 86 87 88 89 90 91 92 93 94 95 96 97 98 99 100 101 102 103 104 105 106 107 108 109 110 111 112 113 114 115 116 117 118 119 120 121 122 123 124 125 126 127 128 129 130 131 132 133 134 135 136 137 138 139 140 141 142 143 144 145 146 147 148 149 150 151 152 153 154 155 156 157 158 159 160 161 162 163 164 165 166"
General-12-20260805-17:41:19-87901,vector,Florasat_Individual_Sats.satellite[0].net.packetHandler,dropped unroutable,,,"1.54683318472 12.13077419939 14.06207804935 25.60491677275 35.65643946212 36.73404369754 37.97794732259 40.30974246342 42.8288435005 44.4225408534 48.36021481003 49.64063328917 50.83778581484 51.27432361331 51.2910574342 52.85023338455 54.47258202326 55.61728343953 57.32439740458 59.18552220114 129.51271258032 130.18974361186 131.84642553463 139.30191953451 139.71601312737 140.25627237738 142.10483274017 143.56921278935 146.73984501048 150.23028755927 153.04993070982 154.71866236644 154.72890139771 155.85688808458 158.84666759022 158.89763335715 160.46699003669 161.61923574883 163.53805024842 165.10874528567 165.207933044 166.11072152844 166.92168843716 168.93836022814 170.95905998831 171.31916962917 173.71446196422 242.74422892246 255.89029259131 257.33831310659 257.74527262889 258.98253815193 259.69572170026 260.45863022206 265.9149175688 267.62404865905 267.89501227453 268.81064293319 272.55894334725 274.97945533254 279.2442161843 280.72258584777 282.09067617113 283.38779059438 283.62315484318 284.455864669 286.27389605194 287.55778338032 287.73002972597 290.35811921376 361.76986143569 367.19768942696 367.92944646597 368.8067149617 371.54387834681 373.60096237128 374.59940364365 374.90563667372 377.33641276604 381.28910566507 382.06084861436 382.88914328151 383.97318426197 384.18465682089 384.54390863738 386.05847114901 387.10845438664 389.46740383822 390.0713925335 394.27427157308 395.75232575498 395.86033810422 398.85325787928 401.16468833297 401.84416004678 403.27982861972 462.31845683758 472.34996509729 473.45928748188 475.05358193553 475.70552149269 476.88048595346 483.70462967133 486.75598794352 488.6880388819 488.94421745155 490.30796922876 490.52623941311 494.50312728848 495.35599531074 496.88780873682 498.39777359031 498.83992028393 500.35551515236 501.20134572023 501.93345619975 505.40530100524 506.59693196233 506.67326075437 508.0221877151 508.69693459262 510.83267424958 511.0555651434 512.74500523254 512.75899379505 513.83277740766 514.06619780804 516.45356105388 516.53350780312 576.65340831404 588.6518981952 588.97241910304 589.73265241775 590.36853099841 591.8147684691 599.22624851151 600.45068978974 602.7215038807 604.57725300238 605.76537283594 606.54286653156 612.18498496399 613.48303385465 614.88501631439 617.25706179592 617.80044430814 619.28572035968 620.91986258052 627.02134647037 628.60235079674 629.5218811658 630.5829716319 630.67418564757 632.94360664095 633.17498854818 691.95984950888 692.72100845435 705.98145436978 707.26558946273 714.23136720262 715.05981620763 717.67742383194 720.59744691094 730.01529521325 735.27157014785 741.23170938708","1 2 3 4 5 6 7 8 9 10 11 12 13 14 15 16 17 18 19 20 21 22 23 24 25 26 27 28 29 30 31 32 33 34 35 36 37 38 39 40 41 42 43 44 45 46 47 48 49 50 51 52 53 54 55 56 57 58 59 60 61 62 63 64 65 66 67 68 69 70 71 72 73 74 75 76 77 78 79 80 81 82 83 84 85 86 87 88 89 90 91 92 93 94 95 96 97 98 99 100 101 102 103 104 105 106 107 108 109 110 111 112 113 114 115 116 117 118 119 120 121 122 123 124 125 126 127 128 129 130 131 132 133 134 135 136 137 138 139 140 141 142 143 144 145 146 147 148 149 150 151 152 153 154 155 156 157 158 159 160 161 162 163 164 165 166"
General-12-20260805-17:41:19-87901,vector,Florasat_Individual_Sats.satellite[0].net.packetHandler,packets dropped,,,"1.54683318472 12.13077419939 14.06207804935 25.60491677275 35.65643946212 36.73404369754 37.97794732259 40.30974246342 42.8288435005 44.4225408534 48.36021481003 49.64063328917 50.83778581484 51.27432361331 51.2910574342 52.85023338455 54.47258202326 55.61728343953 57.32439740458 59.18552220114 129.51271258032 130.18974361186 131.84642553463 139.30191953451 139.71601312737 140.25627237738 142.10483274017 143.56921278935 146.73984501048 150.23028755927 153.04993070982 154.71866236644 154.72890139771 155.85688808458 158.84666759022 158.89763335715 160.46699003669 161.61923574883 163.53805024842 165.10874528567 165.207933044 166.11072152844 166.92168843716 168.93836022814 170.95905998831 171.31916962917 173.71446196422 242.74422892246 255.89029259131 257.33831310659 257.74527262889 258.98253815193 259.69572170026 260.45863022206 265.9149175688 267.62404865905 267.89501227453 268.81064293319 272.55894334725 274.97945533254 279.2442161843 280.72258584777 282.09067617113 283.38779059438 283.62315484318 284.455864669 286.27389605194 287.55778338032 287.73002972597 290.35811921376 361.76986143569 367.19768942696 367.92944646597 368.8067149617 371.54387834681 373.60096237128 374.59940364365 374.90563667372 377.33641276604 381.28910566507 382.06084861436 382.88914328151 383.97318426197 384.18465682089 384.54390863738 386.05847114901 387.10845438664 389.46740383822 390.0713925335 394.27427157308 395.75232575498 395.86033810422 398.85325787928 401.16468833297 401.84416004678 403.27982861972 462.31845683758 472.34996509729 473.45928748188 475.05358193553 475.70552149269 476.88048595346 483.70462967133 486.75598794352 488.6880388819 488.94421745155 490.30796922876 490.52623941311 494.50312728848 495.35599531074 496.88780873682 498.39777359031 498.83992028393 500.35551515236 501.20134572023 501.93345619975 505.40530100524 506.59693196233 506.67326075437 508.0221877151 508.69693459262 510.83267424958 511.0555651434 512.74500523254 512.75899379505 513.83277740766 514.06619780804 516.45356105388 516.53350780312 576.65340831404 588.6518981952 588.97241910304 589.73265241775 590.36853099841 591.8147684691 599.22624851151 600.45068978974 602.7215038807 604.57725300238 605.76537283594 606.54286653156 612.18498496399 613.48303385465 614.88501631439 617.25706179592 617.80044430814 619.28572035968 620.91986258052 627.02134647037 628.60235079674 629.5218811658 630.5829716319 630.67418564757 632.94360664095 633.17498854818 691.95984950888 692.72100845435 705.98145436978 707.26558946273 714.23136720262 715.05981620763 717.67742383194 720.59744691094 730.01529521325 735.27157014785 741.23170938708","1 2 3 4 5 6 7 8 9 10 11 12 13 14 15 16 17 18 19 20 21 22 23 24 25 26 27 28 29 30 31 32 33 34 35 36 37 38 39 40 41 42 43 44 45 46 47 48 49 50 51 52 53 54 55 56 57 58 59 60 61 62 63 64 65 66 67 68 69 70 71 72 73 74 75 76 77 78 79 80 81 82 83 84 85 86 87 88 89 90 91 92 93 94 95 96 97 98 99 100 101 102 103 104 105 106 107 108 109 110 111 112 113 114 115 116 117 118 119 120 121 122 123 124 125 126 127 128 129 130 131 132 133 134 135 136 137 138 139 140 141 142 143 144 145 146 147 148 149 150 151 152 153 154 155 156 157 158 159 160 161 162 163 164 165 166"
General-12-20260805-17:41:19-87901,vector,Florasat_Individual_Sats.terminal[42].dlk.mac,vector_preds_Transformer,,,"1.55444527091 14.23691494786 25.30388395581 36.35881106765 51.15382786072 116.23548872047 126.58566448931 137.76848194981 148.44848898915 158.9603168678 231.94550474314 246.3699776961 260.55551946652 272.3402039255 286.66216044011 346.62221324653 359.79303004359 374.46941267372 386.00372314475 398.35582057734 461.22652319307 474.61735793553 486.13122727303 496.23095190316 508.26071059262 576.62000554171 589.68758910219 600.05719355331 611.68628466805 621.72817839217 691.45653649699 705.70615632692 718.78206076217 729.30222823401 742.40290826419","508201 508202 508203 508204 508205 514201 514202 514203 514204 514205 520201 520202 520203 520204 520205 526201.1 526202.1 526203.1 526204.1 526205.1 532201.1 532202.1 532203.1 532204.1 532205.1 538201.1 538202 538203 538204 538205 544201 544202 544203 544204 544205"
General-12-20260805-17:41:19-87901,vector,Florasat_Individual_Sats.terminal[35].dlk.mac,vector_preds_Transformer,,,"1.58980018483 16.14606108657 27.28527616617 41.07967489307 55.35731892359 116.57593878568 126.96866216254 141.37535758316 154.93179796379 169.22458306536 231.83955458552 242.13000087859 256.65071350033 267.25189826311 278.08071846817 346.06680092099 357.94469253439 370.75335034681 383.75338063738 394.96179775498 461.67090090783 471.97646714141 483.6335513459 497.11961412779 510.88312868122 576.67379216664 588.94212441775 599.66016178974 611.39445696399 622.78778580856 691.55658646394 702.71278483468 713.44083920262 724.41970563867 739.22034250946","507501 507502 507503 507504 507505 513501 513502 513503 513504 513505 519501 519502 519503 519504 519505.1 525501.1 525502.1 525503.1 525504.1 525505.1 531501.1 531502.1 531503.1 531504.1 531505.1 537501.1 537502.1 537503.1 537504.1 537505.1 543501.1 543502.1 543503.1 543504.1 543505.1"
General-12-20260805-17:41:19-87901,vector,Florasat_Individual_Sats.terminal[30].dlk.mac,vector_preds_Transformer,,,"1.60179055436 12.00760514965 26.81118760165 38.67218259047 49.66996231373 116.6308796003 127.35386149772 138.86569553451 149.79406355927 161.18301174883 231.8575745998 245.69670340769 256.84232500988 268.37441893319 283.18693084318 346.69208801771 356.81558855763 368.54154677899 382.16051011417 394.79405369447 461.7863838058 475.26929749269 488.50799345155 500.3643885497 511.23972711479 576.80461361376 588.89243621449 601.41551766149 612.93141948711 627.19910032884 691.58119515935 706.5524098482 718.62998309615 729.0017235775 740.75304306298","507001.1 507002.1 507003.1 507004.1 507005.1 513001.1 513002.1 513003.1 513004.1 513005.1 519001.1 519002.1 519003.1 519004.1 519005.1 525001.1 525002.1 525003.1 525004.1 525005.1 531001.1 531002.1 531003.1 531004.1 531005.1 537001 537002 537003 537004 537005 543001 543002 543003 543004 543005"
General-12-20260805-17:41:19-87901,vector,Florasat_Individual_Sats.terminal[32].dlk.mac,vector_preds_Transformer,,,"1.62521292502 16.15739571792 29.49760931358 43.43388159457 58.33770416957 116.96892770985 130.23244981933 145.15878901048 158.88593403669 169.73811362917 231.77655901341 246.37431167928 260.17167154863 273.39839933254 286.14897372597 346.80971797951 361.46242743171 375.75535676604 388.65660056284 402.18945939139 461.82826487208 476.75777124684 486.82380576595 498.45159689524 510.29327857518 576.22336278926 589.29843254178 600.12582071149 611.62592500239 622.94940802176 691.40860783611 704.47384181176 715.37996479985 725.70826244051 738.74382798885","507201.1 507202.1 507203.1 507204.1 507205.1 513201.1 513202.1 513203.1 513204.1 513205.1 519201.1 519202.1 519203.1 519204.1 519205.1 525201.1 525202.1 525203.1 525204.1 525205.1 531201.1 531202.1 531203.1 531204.1 531205.1 537201 537202 537203 537204 537205 543201 543202 543203 543204 543205"
General-12-20260805-17:41:19-87901,vector,Florasat_Individual_Sats.terminal[43].dlk.mac,vector_preds_Transformer,,,"1.65016126214 13.62007234805 26.85105743679 39.97641958972 53.59167731577 116.69771722518 128.00374975894 138.72476119083 152.7056426392 166.89622136765 231.13061488001 242.8355697121 257.09337546932 271.4292091222 284.76347543392 346.93917072681 359.8898022431 370.49272583519 383.70280537243 393.75335959206 461.78121499717 476.31022501155 486.37901368202 498.11280178139 512.58160708589 576.09651023196 589.06721013971 603.99811306992 615.07149147825 627.78970552167 691.44821190275 705.28885264415 719.07723324489 733.21009339182 744.24432858242","508301 508302 508303 508304 508305 514301 514302 514303 514304 514305 520301 520302 520303 520304 520305 526301 526302 526303 526304 526305 532301 532302 532303 532304 532305 538301 538302 538303 538304 538305 544301 544302 544303 544304 544305"
General-12-20260805-17:41:19-87901,vector,Florasat_Individual_Sats.terminal[52].dlk.mac,vector_preds_Transformer,,,"1.65122253681 15.39234437375 29.04225949641 42.92280643574 54.4067668412 116.23931273422 126.91530206427 137.34992987895 150.79440532205 164.01540029165 231.88938967488 244.69432553929 256.42906630948 269.62469442585 281.46850392875 346.84419763903 361.04093994642 374.67812849488 386.09091059351 398.24923469033 461.00299993181 472.94356258004 483.572560756 498.19146992871 512.94257300207 576.96707610879 587.19315573713 601.03961132025 611.64978681505 624.38776272023 691.58591149957 704.76045806659 717.13406625902 731.79040313 744.16573325987","509201 509202 509203 509204 509205 515201 515202 515203 515204 515205 521201 521202 521203 521204 521205 527201.1 527202.1 527203.1 527204.1 527205.1 533201.1 533202 533203 533204 533205 539201 539202 539203 539204 539205 545201 545202 545203 545204 545205"
General-12-20260805-17:41:19-87901,vector,Florasat_Individual_Sats.terminal[41].dlk.mac,vector_preds_Transformer,,,"1.66305348091 12.96225697431 27.00827876968 37.66908390262 48.21617615457 116.99386238609 129.01777908462 143.15238042292 153.44377030409 165.80674893945 231.58520634589 242.24591847928 253.1865140174 266.04418678279 277.31058444898 346.5062290749 361.21171434805 372.80649760085 387.3586132964 399.40619409828 461.21167097776 472.16601324687 486.90997426934 500.35240019975 512.68245556812 576.51325396216 589.41994128237 604.28683678457 617.34923034977 630.3536796216 691.65596636501 705.31607397739 717.77264483762 727.81104447343 740.04997900943","508101.1 508102.1 508103.1 508104.1 508105.1 514101.1 514102.1 514103.1 514104.1 514105.1 520101.1 520102.1 520103.1 520104.1 520105.1 526101.1 526102.1 526103.1 526104.1 526105.1 532101.1 532102.1 532103.1 532104.1 532105 538101 538102 538103 538104 538105 544101 544102 544103 544104 544105"
General-12-20260805-17:41:19-87901,vector,Florasat_Individual_Sats.terminal[26].dlk.mac,vector_preds_Transformer,,,"1.66373975528 14.79414340877 28.27397368336 40.0577729179 50.18435386894 116.20489245234 127.62260284112 140.37870912883 153.14087051387 166.10994543369 231.37952055689 243.46758628055 253.76588214911 266.18902419252 277.20861124714 346.27757644118 359.81777441991 370.93762490503 382.72157612443 393.71130310884 461.3335641257 471.98942590784 485.34216686431 497.79906903207 509.79273581924 576.83224292519 589.40082185483 603.52747836896 615.80828375812 627.59292749502 691.33551524533 703.35469325935 716.53785194085 728.43550213194 739.80559175765","506601 506602 506603 506604 506605 512601 512602 512603 512604 512605 518601 518602 518603 518604 518605 524601 524602 524603 524604 524605 530601 530602 530603 530604 530605 536601 536602 536603 536604 536605 542601 542602 542603 542604 542605"
General-12-20260805-17:41:19-87901,vector,Florasat_Individual_Sats.terminal[39].dlk.mac,vector_preds_Transformer,,,"1.67434031423 12.87953201379 24.73001908441 38.20203164755 48.56572666484 116.64487648546 130.3245524168 141.31430474017 153.33131144196 167.81806824403 231.62365791155 242.63212892809 255.98126707133 270.67436290789 285.48336805194 346.04302075296 358.03611984779 371.18368191016 383.26930633001 398.06272987928 461.65985177364 476.13857314782 486.45671375538 496.94126939261 510.56003656098 576.82147908909 590.45428795228 601.31874560681 614.02986535872 624.88278329093 691.82520034979 703.53950205049 713.95507808215 728.08593910559 740.36676757176","507901.1 507902.1 507903.1 507904.1 507905.1 513901.1 513902.1 513903.1 513904.1 513905.1 519901.1 519902.1 519903.1 519904.1 519905.1 525901.1 525902.1 525903.1 525904.1 525905.1 531901.1 531902.1 531903.1 531904 531905 537901 537902 537903 537904 537905 543901 543902 543903 543904 543905"
General-12-20260805-17:41:19-87901,vector,Florasat_Individual_Sats.terminal[7].dlk.mac,vector_preds_Transformer,,,"1.67596396897 15.43569239113 29.09532947024 42.75987165771 57.25266035088 116.82935186522 130.32044574246 144.70702403784 155.53732008999 168.22555020428 231.03817073605 244.13618711149 254.51140662864 264.70686373859 278.74925781716 346.23345821281 361.06211764622 373.27225565445 387.88634783822 401.69877261972 461.62847847492 473.69144528453 485.01922123996 495.73395350064 509.25161824958 576.09616225283 590.44008183107 604.96181053156 619.33880658052 631.36255064095 691.14671936352 704.9912512207 718.63762817323 731.67739656149 746.48321009684","504701 504702 504703 504704 504705 510701 510702 510703 510704 510705 516701 516702 516703 516704 516705 522701.1 522702.1 522703.1 522704.1 522705.1 528701.1 528702.1 528703.1 528704.1 528705.1 534701.1 534702.1 534703.1 534704.1 534705.1 540701.1 540702.1 540703.1 540704.1 540705.1"
General-12-20260805-17:41:19-87901,vector,Florasat_Individual_Sats.terminal[37].dlk.mac,vector_preds_Transformer,,,"1.69173793774 12.13344800309 26.64730417914 39.62899763858 53.64372309669 116.72633052594 131.43151561986 141.60078742332 153.92083362467 164.68919471279 231.36675998359 242.14832673455 256.11485688156 267.68794434984 281.70328348433 346.92575286701 361.81258696573 375.37473623733 388.0688486339 402.41694452916 461.88049035519 475.57633552374 487.1069828819 498.52372601419 509.168712646 576.59581743181 588.62266107463 600.22481074208 610.75934721623 622.47462405358 691.44891953422 705.21515979409 718.70263390803 728.82358126669 739.29923153925","507701 507702 507703 507704 507705 513701 513702 513703 513704 513705 519701 519702 519703 519704 519705 525701 525702.1 525703.1 525704.1 525705.1 531701.1 531702.1 531703.1 531704.1 531705.1 537701.1 537702.1 537703.1 537704.1 537705.1 543701.1 543702.1 543703.1 543704.1 543705.1"
General-12-20260805-17:41:19-87901,vector,Florasat_Individual_Sats.terminal[55].dlk.mac,vector_preds_Transformer,,,"1.69716308056 12.29317733249 27.20014209439 38.10983790596 52.79908677609 116.88595029432 127.1314549332 141.67911945516 154.19993289769 166.80670802155 231.60712038656 242.81458255742 257.100179106 267.16976219113 281.5481271632 346.11762795574 358.96051997645 372.42258556513 384.54544249782 394.74333640746 461.86029126681 475.94650031812 487.73932762956 498.20807558531 512.02014711266 576.46153767779 587.1124623944 599.19942071614 610.05798172275 624.33268608828 691.45422689174 702.98341217008 717.2341992231 730.67287310165 742.60822258213","509501 509502 509503 509504 509505 515501 515502 515503 515504 515505 521501 521502 521503 521504 521505 527501 527502 527503 527504 527505 533501 533502 533503 533504 533505 539501 539502 539503 539504 539505 545501 545502 545503 545504 545505"
General-12-20260805-17:41:19-87901,vector,Florasat_Individual_Sats.terminal[36].dlk.mac,vector_preds_Transformer,,,"1.70404985314 15.57102777762 26.89093558583 41.58973129931 55.96692428574 116.16020811442 128.21368039306 140.60088069713 154.17395333247 164.34900024743 231.0576515859 242.16391506186 253.71063624323 264.27130533546 275.03129213514 346.04088455532 356.20837636385 366.40716142696 381.32718464452 393.61274572531 461.08100006031 471.70084505133 486.12525194558 499.56498715236 511.00287456672 576.47017149068 590.67376993177 601.57226529251 616.06425635562 629.7924436319 691.61209130683 703.69878741005 716.31823710539 730.75442103227 745.34290611768","507601 507602 507603 507604 507605 513601 513602 513603 513604 513605 519601 519602 519603 519604 519605 525601 525602 525603.1 525604.1 525605.1 531601.1 531602.1 531603.1 531604.1 531605.1 537601.1 537602.1 537603.1 537604.1 537605.1 543601.1 543602.1 543603.1 543604.1 543605.1"
General-12-20260805-17:41:19-87901,vector,Florasat_Individual_Sats.terminal[45].dlk.mac,vector_preds_Transformer,,,"1.71921169502 14.30021997891 24.35539928382 37.88799071219 50.03794474295 116.79396162136 130.59277766827 143.04644402559 156.91180763161 168.39216979896 231.77890390367 242.65373832406 254.10649324161 266.34873672131 276.62213283916 346.5304838114 359.367049678 370.14617850352 384.83976790961 397.4409548163 461.08951677242 473.9572046909 488.87846449995 500.48383767623 511.80895672203 576.15365156205 590.01663844799 602.65176811488 615.33654758241 627.43049431359 691.09825114533 702.65811830223 717.20856773829 728.41925966133 742.52222112425","508501 508502 508503 508504 508505.1 514501.1 514502.1 514503.1 514504.1 514505.1 520501.1 520502.1 520503.1 520504.1 520505.1 526501.1 526502.1 526503.1 526504.1 526505.1 532501 532502 532503 532504 532505 538501 538502 538503 538504 538505 544501 544502 544503 544504 544505"
General-12-20260805-17:41:19-87901,vector,Florasat_Individual_Sats.terminal[24].dlk.mac,vector_preds_Transformer,,,"1.73099876195 13.7942978628 27.72549577337 40.41995508643 53.84665954905 116.08317549853 130.38353513624 140.57874049107 151.4495667005 166.01479168912 231.73927842616 244.5894740147 258.02079066378 269.75239190715 280.12421037978 346.39232135378 360.70688656066 371.60080788192 385.21776541253 397.59973802953 461.24161129352 474.9169530964 487.47616786743 502.4244059471 514.46748939925 576.02558531868 589.88931620447 600.68675537664 614.86255384121 628.55345498143 691.89024003525 701.9964842645 715.13492132141 725.38220091327 737.38065352384","506401 506402 506403 506404 506405 512401.1 512402.1 512403.1 512404.1 512405.1 518401.1 518402.1 518403 518404 518405 524401.1 524402.1 524403.1 524404.1 524405.1 530401 530402 530403 530404 530405 536401 536402 536403 536404 536405 542401 542402 542403 542404 542405"
General-12-20260805-17:41:19-87901,vector,Florasat_Individual_Sats.terminal[17].dlk.mac,vector_preds_Transformer,,,"1.73630909901 14.40606179554 27.12305179471 37.54172332259 49.20440928917 116.53009119723 131.41020153463 145.48239636398 156.17706966749 166.48546443716 231.14570801007 243.8998296645 258.51711042668 272.1252550683 285.71788351145 346.76680052024 357.05971238739 367.49322246597 381.68707552552 392.52990793506 461.03103455319 472.77226420515 485.01119267242 498.076150476 510.04251374677 576.69891816005 590.95532027446 602.34396410198 613.17267307686 627.61176513066 691.57333092857 706.37912883167 720.86523884884 732.84433115483 746.97997162328","505701.1 505702.1 505703.1 505704.1 505705.1 511701.1 511702.1 511703.1 511704.1 511705.1 517701.1 517702.1 517703.1 517704.1 517705.1 523701.1 523702.1 523703.1 523704.1 523705.1 529701 529702 529703 529704 529705 535701 535702 535703 535704 535705 541701 541702 541703 541704 541705"
General-12-20260805-17:41:19-87901,vector,Florasat_Individual_Sats.terminal[11].dlk.mac,vector_preds_Transformer,,,"1.74361086544 12.72222000151 27.44049851527 38.09791506245 48.33784734574 116.49123247806 131.47940441128 144.11863038526 156.39347096765 169.51207563257 231.12114932388 242.4652029993 255.48267278122 267.71735228249 280.74585958617 346.82612023922 359.17444191315 370.745152978 381.29325853219 395.49610163808 461.95976845641 473.02938328428 483.0620172883 497.1816579504 510.68114571227 576.02923820959 590.83756990498 605.42135488824 615.55859571323 627.41241967655 691.76284029544 702.53041350329 712.55603767046 724.53060770337 736.91930758464","505101 505102 505103.1 505104.1 505105.1 511101.1 511102.1 511103.1 511104.1 511105.1 517101.1 517102.1 517103.1 517104.1 517105.1 523101.1 523102.1 523103.1 523104.1 523105.1 529101.1 529102.1 529103.1 529104.1 529105.1 535101 535102 535103 535104 535105 541101 541102 541103 541104 541105"
General-12-20260805-17:41:19-87901,vector,Florasat_Individual_Sats.terminal[20].dlk.mac,vector_preds_Transformer,,,"1.77934720041 16.04514258774 30.91160136368 45.01771031623 58.39499420114 116.64106245502 127.95155054075 142.4102183024 155.08543594043 169.21817691532 231.63981411606 244.17444936116 258.83752887021 269.11075466662 281.03189586662 346.51796913077 359.24068747624 373.78037139261 388.69381265784 399.16126434411 461.21138321632 472.9592267382 484.24211016554 496.54944616533 509.07746251021 576.314411317 587.47145205271 598.34991789191 611.76201030846 621.82312525228 691.83220069483 704.61570401071 718.9290102697 732.27956393361 745.36446322896","506001.1 506002.1 506003.1 506004.1 506005.1 512001.1 512002.1 512003.1 512004.1 512005.1 518001.1 518002.1 518003.1 518004.1 518005.1 524001.1 524002.1 524003 524004 524005 530001 530002 530003 530004 530005 536001 536002 536003 536004 536005 542001 542002 542003 542004 542005"
General-12-20260805-17:41:19-87901,vector,Florasat_Individual_Sats.terminal[1].dlk.mac,vector_preds_Transformer,,,"1.79066037876 16.23386565014 30.04408040783 43.59547675937 58.00156433485 116.88131580735 131.51083302824 142.29023333662 156.5566946126 170.52283598831 231.67494110181 246.5327823977 261.00412549917 272.12271934725 284.019640669 346.27492068731 357.81458664033 368.3704909617 381.62462461436 392.19668597727 461.0368746384 473.86647364171 484.48272121884 496.45158473682 509.89500346873 576.71009127935 588.2156741952 598.79002451151 611.27085165539 622.73560350131 691.14635778079 701.76223711646 716.32829537452 729.5274575632 739.78799151792","504101.1 504102.1 504103.1 504104.1 504105.1 510101.1 510102.1 510103.1 510104.1 510105.1 516101.1 516102.1 516103.1 516104.1 516105.1 522101.1 522102.1 522103.1 522104.1 522105.1 528101.1 528102.1 528103.1 528104.1 528105.1 534101.1 534102.1 534103.1 534104 534105 540101 540102 540103 540104 540105"
General-12-20260805-17:41:19-87901,vector,Florasat_Individual_Sats.terminal[31].dlk.mac,vector_preds_Transformer,,,"1.80512923119 14.48632544792 24.56734542805 37.86856756732 52.48841660516 116.52800202556 128.39468044182 142.29485579952 152.34847497264 166.3697448566 231.77998421504 242.30800492246 255.74216224858 270.71551777445 280.82335554901 346.47166861128 361.33363743569 372.55550623895 384.72418688261 397.22092191479 461.29563202825 472.30914966995 482.84645657148 493.57957589067 506.23703675437 576.6503556103 590.27578124032 604.56621856616 618.77020294267 632.94224644267 691.98810500838 704.42184761213 715.34558400558 727.24183594621 737.51677671726","507101 507102 507103.1 507104.1 507105.1 513101.1 513102.1 513103.1 513104.1 513105.1 519101.1 519102.1 519103.1 519104.1 519105.1 525101.1 525102.1 525103.1 525104.1 525105.1 531101.1 531102.1 531103.1 531104.1 531105.1 537101.1 537102.1 537103.1 537104.1 537105.1 543101 543102 543103 543104 543105"
General-12-20260805-17:41:19-87901,vector,Florasat_Individual_Sats.terminal[13].dlk.mac,vector_preds_Transformer,,,"1.81345822313 15.34130153153 28.13336875779 41.53170264 52.87868305249 116.2109850219 126.34380878764 139.43088914268 152.41399565246 164.97907405254 231.83590504923 242.27306138375 256.78511762177 269.04400385917 282.14742814308 346.99370694696 361.96142052067 375.02402037964 389.76367611671 404.63312678039 461.93324791966 472.91301037068 486.92587991128 500.83987861638 513.25703633715 576.98647524742 589.95297444099 604.87332016741 618.82120241224 633.6435727931 691.42700948846 703.05865360634 716.57360833814 730.68383276091 742.36992853089","505301 505302 505303 505304 505305 511301 511302 511303 511304 511305 517301 517302 517303 517304 517305 523301 523302 523303 523304 523305 529301 529302 529303 529304 529305 535301 535302 535303 535304 535305 541301 541302 541303 541304 541305"
General-12-20260805-17:41:19-87901,vector,Florasat_Individual_Sats.terminal[22].dlk.mac,vector_preds_Transformer,,,"1.89993650164 14.52338270122 25.81117083994 40.70990126557 53.50913784793 116.33348858752 126.46800314611 138.92548512737 151.49776577553 166.23963724425 231.57950283284 242.61427011946 257.49175838218 270.54165857751 281.23188791471 346.58359100018 361.35482071457 373.39233660396 385.82456770261 398.49144206523 461.46724920906 472.68540862086 486.99982352508 500.34888265608 511.99985267082 576.54673406039 590.47927936189 602.44203298235 612.62483222991 623.31259281257 691.67004528362 705.34757657582 717.6332738346 731.1990811131 741.4605423892","506201 506202 506203 506204 506205.1 512201.1 512202.1 512203.1 512204.1 512205.1 518201.1 518202.1 518203.1 518204 518205 524201 524202 524203 524204 524205 530201 530202 530203 530204 530205 536201 536202 536203 536204 536205 542201 542202 542203 542204 542205"
General-12-20260805-17:41:19-87901,vector,Florasat_Individual_Sats.terminal[51].dlk.mac,vector_preds_Transformer,,,"1.93893308984 14.63902576594 29.22573505785 40.58651503409 55.23870990379 116.40422980022 126.77455525101 140.93736824068 153.40621153429 164.77851081477 231.98343898356 243.09501044988 255.25962502417 265.55019936246 277.98609923409 346.87618570798 357.54236767115 369.68940063426 380.48035600036 394.00547679094 461.45172406523 472.36261825729 482.99463245156 493.92898486531 504.00195528473 576.15458301129 590.1970334989 602.59193816781 615.06934977928 625.48650846211 691.74223907548 702.9979179604 716.30865020468 728.18254691106 741.78848770819","509101 509102 509103 509104 509105 515101 515102 515103 515104 515105 521101 521102 521103 521104 521105 527101 527102 527103 527104 527105 533101 533102 533103 533104 533105 539101 539102 539103 539104 539105 545101 545102 545103 545104 545105"
General-12-20260805-17:41:19-87901,vector,Florasat_Individual_Sats.terminal[3].dlk.mac,vector_preds_Transformer,,,"1.94461368048 16.7999335893 27.62972500315 40.6848854213 55.59720367216 116.94796519214 131.58176240837 143.13298878935 153.20805812348 163.277571633 231.59478866844 246.53491606121 258.78853672883 273.02040441661 285.75407695142 346.92549204151 360.24708250235 371.054468096 383.74843282089 398.21546315378 461.01298436057 472.34063282958 482.85297869239 494.06690328848 507.5859637151 576.37539354758 590.72690676455 604.71130166226 616.53080346668 628.41984686931 691.21037934977 703.939260585 715.42308661342 726.05116989301 740.98867218197","504301 504302 504303 504304 504305 510301.1 510302.1 510303.1 510304.1 510305.1 516301.1 516302.1 516303.1 516304.1 516305.1 522301.1 522302.1 522303.1 522304.1 522305.1 528301.1 528302.1 528303.1 528304.1 528305.1 534301.1 534302 534303 534304 534305 540301 540302 540303 540304 540305"
General-12-20260805-17:41:19-87901,vector,Florasat_Individual_Sats.terminal[58].dlk.mac,vector_preds_Transformer,,,"1.94540086552 15.89192155051 27.77304241784 37.84139506403 49.52354067006 116.15305400826 128.44576836354 139.41387990978 150.05993308057 163.88486022153 231.51017781883 245.41909848061 258.55956799188 272.63262670092 284.86211618479 346.76938694692 357.68904340477 371.05971834995 384.73812285951 398.72245384288 461.77397417882 472.14246729668 483.52523473371 496.46603372344 508.09242312843 576.8872247478 588.18189110304 601.9309758807 616.46653379592 628.7313531658 691.93048045435 706.47506146273 719.80691891094 734.48104214785 748.25915557612","509801 509802 509803 509804 509805 515801 515802 515803 515804 515805 521801 521802 521803 521804 521805 527801 527802 527803 527804 527805 533801.1 533802.1 533803.1 533804.1 533805.1 539801.1 539802.1 539803.1 539804.1 539805.1 545801.1 545802.1 545803.1 545804.1 545805.1"
General-12-20260805-17:41:19-87901,vector,Florasat_Individual_Sats.terminal[19].dlk.mac,vector_preds_Transformer,,,"1.94886995107 15.01657759165 26.9200848646 37.18560261163 49.7100014342 116.14817334921 130.29421526124 144.45068046451 155.38423276856 169.45359244245 231.26499011554 244.00318982103 254.52947039297 267.97688612621 280.37748382915 346.43146386836 359.8868448264 372.19701040187 386.44373408635 397.05314939841 461.05072175921 474.9619315723 487.46895951871 501.55913823471 514.96825759602 576.12418490858 588.49242519052 603.20948682307 616.73040645943 630.2907327707 691.13965910953 702.32743981388 714.49183142605 726.489000957 739.55009680452","505901.1 505902.1 505903.1 505904.1 505905.1 511901.1 511902.1 511903.1 511904.1 511905.1 517901.1 517902.1 517903.1 517904.1 517905.1 523901.1 523902 523903 523904 523905 529901 529902 529903 529904 529905 535901 535902 535903 535904 535905 541901 541902 541903 541904 541905"
General-12-20260805-17:41:19-87901,vector,Florasat_Individual_Sats.terminal[33].dlk.mac,vector_preds_Transformer,,,"1.95033411123 12.82855081931 26.77019744623 39.22881434532 53.50016449788 116.90586808138 128.90248029377 140.88384835283 154.12571988186 167.26923796466 231.88166091475 244.69542405359 255.95454848977 268.08120899857 280.28636184777 346.09206102393 358.82091668388 372.11890542484 382.80484539876 394.70668258565 461.62734028813 476.44426195346 489.87174522876 500.1988939864 514.19672272796 576.71762346989 591.17185563432 602.8648446838 613.72305992642 623.82292313036 691.58379883901 703.78319527302 716.85357095837 729.03368559014 740.85877388995","507301 507302 507303 507304 507305 513301 513302 513303 513304 513305 519301.1 519302.1 519303.1 519304.1 519305.1 525301.1 525302.1 525303.1 525304.1 525305.1 531301.1 531302.1 531303.1 531304.1 531305.1 537301.1 537302.1 537303.1 537304.1 537305.1 543301 543302 543303 543304 543305"
General-12-20260805-17:41:19-87901,vector,Florasat_Individual_Sats.terminal[5].dlk.mac,vector_preds_Transformer,,,"1.95272127399 13.01411691122 24.47330692085 34.86591146212 47.56968681003 116.3292310345 126.51737312484 136.57869345439 150.74099829933 162.74752224842 231.34829296242 244.60067339452 256.54778510659 267.10448427453 280.50436181926 346.94876222266 360.9297176844 373.80887564365 387.75350586255 399.28177329805 461.20641624089 472.54275981919 482.89682502858 496.3382514799 508.25017307768 576.88076487742 589.60575622157 601.89188509714 612.69250585465 626.45432343008 691.82746464806 702.67610314838 715.00169569813 728.83503124072 743.40241343901","504501 504502 504503.1 504504.1 504505.1 510501.1 510502.1 510503.1 510504.1 510505.1 516501.1 516502.1 516503.1 516504.1 516505.1 522501.1 522502.1 522503.1 522504.1 522505.1 528501.1 528502.1 528503.1 528504.1 528505.1 534501.1 534502.1 534503.1 534504.1 534505 540501 540502 540503 540504 540505"
General-12-20260805-17:41:19-87901,vector,Florasat_Individual_Sats.satellite[0].dlkDSL.mac,Repetition Position for Node 837 at Satellite,,,"12.13077419939","180"
General-12-20260805-17:41:19-87901,vector,Florasat_Individual_Sats.satellite[0].dlkDSL.mac,Repetition Generation Delay for Node 837 at Satellite,,,"12.13077419939","11.13077419939"
General-12-20260805-17:41:19-87901,vector,Florasat_Individual_Sats.satellite[0].dlkDSL.mac,Message Generation Delay for Node 837 at Satellite,,,"12.13077419939","11.13077419939"
General-12-20260805-17:41:19-87901,vector,Florasat_Individual_Sats.satellite[0].dlkDSL.mac,Repetition Position for Node 162 at Satellite,,,"35.65643946212 48.36021481003 163.53805024842 257.33831310659 267.89501227453 374.59940364365 613.48303385465","180 180 180 180 180 180 180"
General-12-20260805-17:41:19-87901,vector,Florasat_Individual_Sats.satellite[0].dlkDSL.mac,Repetition Generation Delay for Node 162 at Satellite,,,"35.65643946212 48.36021481003 163.53805024842 257.33831310659 267.89501227453 374.59940364365 613.48303385465","34.65643946212 47.36021481003 47.53805024842 26.33831310659 36.89501227453 28.59940364365 37.48303385465"
General-12-20260805-17:41:19-87901,vector,Florasat_Individual_Sats.satellite[0].dlkDSL.mac,Message Generation Delay for Node 162 at Satellite,,,"35.65643946212 163.53805024842 257.33831310659 374.59940364365 613.48303385465","34.65643946212 47.53805024842 26.33831310659 28.59940364365 37.48303385465"
General-12-20260805-17:41:19-87901,vector,Florasat_Individual_Sats.satellite[0].dlkDSL.mac,Repetition Position for Node 342 at Satellite,,,"37.97794732259 49.64063328917 131.84642553463 166.92168843716 367.92944646597","180 180 180 180 180"
General-12-20260805-17:41:19-87901,vector,Florasat_Individual_Sats.satellite[0].dlkDSL.mac,Repetition Generation Delay for Node 342 at Satellite,,,"37.97794732259 49.64063328917 131.84642553463 166.92168843716 367.92944646597","36.97794732259 48.64063328917 15.84642553463 50.92168843716 21.92944646597"
General-12-20260805-17:41:19-87901,vector,Florasat_Individual_Sats.satellite[0].dlkDSL.mac,Message Generation Delay for Node 342 at Satellite,,,"37.97794732259 131.84642553463 367.92944646597","36.97794732259 15.84642553463 21.92944646597"
General-12-20260805-17:41:19-87901,vector,Florasat_Individual_Sats.satellite[0].dlkDSL.mac,Repetition Position for Node 222 at Satellite,,,"40.30974246342 165.10874528567 258.98253815193 390.0713925335","180 180 180 180"
General-12-20260805-17:41:19-87901,vector,Florasat_Individual_Sats.satellite[0].dlkDSL.mac,Repetition Generation Delay for Node 222 at Satellite,,,"40.30974246342 165.10874528567 258.98253815193 390.0713925335","39.30974246342 49.10874528567 27.98253815193 44.0713925335"
General-12-20260805-17:41:19-87901,vector,Florasat_Individual_Sats.satellite[0].dlkDSL.mac,Message Generation Delay for Node 222 at Satellite,,,"40.30974246342 165.10874528567 258.98253815193 390.0713925335","39.30974246342 49.10874528567 27.98253815193 44.0713925335"
General-12-20260805-17:41:19-87901,vector,Florasat_Individual_Sats.satellite[0].dlkDSL.mac,Repetition Position for Node 492 at Satellite,,,"42.8288435005 55.61728343953","180 180"
General-12-20260805-17:41:19-87901,vector,Florasat_Individual_Sats.satellite[0].dlkDSL.mac,Repetition Generation Delay for Node 492 at Satellite,,,"42.8288435005 55.61728343953","41.8288435005 54.61728343953"
General-12-20260805-17:41:19-87901,vector,Florasat_Individual_Sats.satellite[0].dlkDSL.mac,Message Generation Delay for Node 492 at Satellite,,,"42.8288435005","41.8288435005"
General-12-20260805-17:41:19-87901,vector,Florasat_Individual_Sats.satellite[0].dlkDSL.mac,Repetition Position for Node 237 at Satellite,,,"44.4225408534 57.32439740458 155.85688808458 166.11072152844 282.09067617113 394.27427157308 501.20134572023 514.06619780804","180 180 180 180 180 180 180 180"
General-12-20260805-17:41:19-87901,vector,Florasat_Individual_Sats.satellite[0].dlkDSL.mac,Repetition Generation Delay for Node 237 at Satellite,,,"44.4225408534 57.32439740458 155.85688808458 166.11072152844 282.09067617113 394.27427157308 501.20134572023 514.06619780804","43.4225408534 56.32439740458 39.85688808458 50.11072152844 51.09067617113 48.27427157308 40.20134572023 53.06619780804"
General-12-20260805-17:41:19-87901,vector,Florasat_Individual_Sats.satellite[0].dlkDSL.mac,Message Generation Delay for Node 237 at Satellite,,,"44.4225408534 155.85688808458 282.09067617113 394.27427157308 501.20134572023","43.4225408534 39.85688808458 51.09067617113 48.27427157308 40.20134572023"
General-12-20260805-17:41:19-87901,vector,Florasat_Individual_Sats.satellite[0].dlkDSL.mac,Repetition Position for Node 87 at Satellite,,,"51.27432361331 257.74527262889","180 180"
General-12-20260805-17:41:19-87901,vector,Florasat_Individual_Sats.satellite[0].dlkDSL.mac,Repetition Generation Delay for Node 87 at Satellite,,,"51.27432361331 257.74527262889","50.27432361331 26.74527262889"
General-12-20260805-17:41:19-87901,vector,Florasat_Individual_Sats.satellite[0].dlkDSL.mac,Message Generation Delay for Node 87 at Satellite,,,"51.27432361331 257.74527262889","50.27432361331 26.74527262889"
General-12-20260805-17:41:19-87901,vector,Florasat_Individual_Sats.satellite[0].dlkDSL.mac,Repetition Position for Node 372 at Satellite,,,"51.2910574342","180"
General-12-20260805-17:41:19-87901,vector,Florasat_Individual_Sats.satellite[0].dlkDSL.mac,Repetition Generation Delay for Node 372 at Satellite,,,"51.2910574342","50.2910574342"
General-12-20260805-17:41:19-87901,vector,Florasat_Individual_Sats.satellite[0].dlkDSL.mac,Message Generation Delay for Node 372 at Satellite,,,"51.2910574342","50.2910574342"
General-12-20260805-17:41:19-87901,vector,Florasat_Individual_Sats.satellite[0].dlkDSL.mac,Repetition Position for Node 807 at Satellite,,,"52.85023338455","180"
General-12-20260805-17:41:19-87901,vector,Florasat_Individual_Sats.satellite[0].dlkDSL.mac,Repetition Generation Delay for Node 807 at Satellite,,,"52.85023338455","51.85023338455"
General-12-20260805-17:41:19-87901,vector,Florasat_Individual_Sats.satellite[0].dlkDSL.mac,Message Generation Delay for Node 807 at Satellite,,,"52.85023338455","51.85023338455"
General-12-20260805-17:41:19-87901,vector,Florasat_Individual_Sats.satellite[0].dlkDSL.mac,Repetition Position for Node 747 at Satellite,,,"54.47258202326 130.18974361186 255.89029259131 283.38779059438 382.88914328151 505.40530100524 516.53350780312","180 180 180 180 180 180 180"
General-12-20260805-17:41:19-87901,vector,Florasat_Individual_Sats.satellite[0].dlkDSL.mac,Repetition Generation Delay for Node 747 at Satellite,,,"54.47258202326 130.18974361186 255.89029259131 283.38779059438 382.88914328151 505.40530100524 516.53350780312","53.47258202326 14.18974361186 24.89029259131 52.38779059438 36.88914328151 44.40530100524 55.53350780312"
General-12-20260805-17:41:19-87901,vector,Florasat_Individual_Sats.satellite[0].dlkDSL.mac,Message Generation Delay for Node 747 at Satellite,,,"54.47258202326 130.18974361186 255.89029259131 382.88914328151 505.40530100524","53.47258202326 14.18974361186 24.89029259131 36.88914328151 44.40530100524"
General-12-20260805-17:41:19-87901,vector,Florasat_Individual_Sats.satellite[0].dlkDSL.mac,Repetition Position for Node 387 at Satellite,,,"59.18552220114","180"
General-12-20260805-17:41:19-87901,vector,Florasat_Individual_Sats.satellite[0].dlkDSL.mac,Repetition Generation Delay for Node 387 at Satellite,,,"59.18552220114","58.18552220114"
General-12-20260805-17:41:19-87901,vector,Florasat_Individual_Sats.satellite[0].dlkDSL.mac,Message Generation Delay for Node 387 at Satellite,,,"59.18552220114","58.18552220114"
General-12-20260805-17:41:19-87901,vector,Florasat_Individual_Sats.satellite[0].dlkDSL.mac,Repetition Position for Node 537 at Satellite,,,"139.30191953451 150.23028755927 161.61923574883 268.81064293319 283.62315484318 475.70552149269 488.94421745155","180 180 180 180 180 180 180"
General-12-20260805-17:41:19-87901,vector,Florasat_Individual_Sats.satellite[0].dlkDSL.mac,Repetition Generation Delay for Node 537 at Satellite,,,"139.30191953451 150.23028755927 161.61923574883 268.81064293319 283.62315484318 475.70552149269 488.94421745155","23.30191953451 34.23028755927 45.61923574883 37.81064293319 52.62315484318 14.70552149269 27.94421745155"
General-12-20260805-17:41:19-87901,vector,Florasat_Individual_Sats.satellite[0].dlkDSL.mac,Message Generation Delay for Node 537 at Satellite,,,"139.30191953451 268.81064293319 475.70552149269","23.30191953451 37.81064293319 14.70552149269"
General-12-20260805-17:41:19-87901,vector,Florasat_Individual_Sats.satellite[0].dlkDSL.mac,Repetition Position for Node 417 at Satellite,,,"139.71601312737","180"
General-12-20260805-17:41:19-87901,vector,Florasat_Individual_Sats.satellite[0].dlkDSL.mac,Repetition Generation Delay for Node 417 at Satellite,,,"139.71601312737","23.71601312737"
General-12-20260805-17:41:19-87901,vector,Florasat_Individual_Sats.satellite[0].dlkDSL.mac,Message Generation Delay for Node 417 at Satellite,,,"139.71601312737","23.71601312737"
General-12-20260805-17:41:19-87901,vector,Florasat_Individual_Sats.satellite[0].dlkDSL.mac,Repetition Position for Node 597 at Satellite,,,"140.25627237738 154.71866236644 168.93836022814 259.69572170026 287.55778338032","180 180 180 180 180"
General-12-20260805-17:41:19-87901,vector,Florasat_Individual_Sats.satellite[0].dlkDSL.mac,Repetition Generation Delay for Node 597 at Satellite,,,"140.25627237738 154.71866236644 168.93836022814 259.69572170026 287.55778338032","24.25627237738 38.71866236644 52.93836022814 28.69572170026 56.55778338032"
General-12-20260805-17:41:19-87901,vector,Florasat_Individual_Sats.satellite[0].dlkDSL.mac,Message Generation Delay for Node 597 at Satellite,,,"140.25627237738 259.69572170026","24.25627237738 28.69572170026"
General-12-20260805-17:41:19-87901,vector,Florasat_Individual_Sats.satellite[0].dlkDSL.mac,Repetition Position for Node 672 at Satellite,,,"142.10483274017 286.27389605194 398.85325787928","180 180 180"
General-12-20260805-17:41:19-87901,vector,Florasat_Individual_Sats.satellite[0].dlkDSL.mac,Repetition Generation Delay for Node 672 at Satellite,,,"142.10483274017 286.27389605194 398.85325787928","26.10483274017 55.27389605194 52.85325787928"
General-12-20260805-17:41:19-87901,vector,Florasat_Individual_Sats.satellite[0].dlkDSL.mac,Message Generation Delay for Node 672 at Satellite,,,"142.10483274017 286.27389605194 398.85325787928","26.10483274017 55.27389605194 52.85325787928"
General-12-20260805-17:41:19-87901,vector,Florasat_Individual_Sats.satellite[0].dlkDSL.mac,Repetition Position for Node 132 at Satellite,,,"143.56921278935 384.18465682089 494.50312728848 508.0221877151","180 180 180 180"
General-12-20260805-17:41:19-87901,vector,Florasat_Individual_Sats.satellite[0].dlkDSL.mac,Repetition Generation Delay for Node 132 at Satellite,,,"143.56921278935 384.18465682089 494.50312728848 508.0221877151","27.56921278935 38.18465682089 33.50312728848 47.0221877151"
General-12-20260805-17:41:19-87901,vector,Florasat_Individual_Sats.satellite[0].dlkDSL.mac,Message Generation Delay for Node 132 at Satellite,,,"143.56921278935 384.18465682089 494.50312728848","27.56921278935 38.18465682089 33.50312728848"
General-12-20260805-17:41:19-87901,vector,Florasat_Individual_Sats.satellite[0].dlkDSL.mac,Repetition Position for Node 567 at Satellite,,,"146.73984501048 160.46699003669 171.31916962917 274.97945533254 287.73002972597 377.33641276604","180 180 180 180 180 180"
General-12-20260805-17:41:19-87901,vector,Florasat_Individual_Sats.satellite[0].dlkDSL.mac,Repetition Generation Delay for Node 567 at Satellite,,,"146.73984501048 160.46699003669 171.31916962917 274.97945533254 287.73002972597 377.33641276604","30.73984501048 44.46699003669 55.31916962917 43.97945533254 56.73002972597 31.33641276604"
General-12-20260805-17:41:19-87901,vector,Florasat_Individual_Sats.satellite[0].dlkDSL.mac,Message Generation Delay for Node 567 at Satellite,,,"146.73984501048 274.97945533254 377.33641276604","30.73984501048 43.97945533254 31.33641276604"
General-12-20260805-17:41:19-87901,vector,Florasat_Individual_Sats.satellite[0].dlkDSL.mac,Repetition Position for Node 792 at Satellite,,,"154.72890139771","180"
General-12-20260805-17:41:19-87901,vector,Florasat_Individual_Sats.satellite[0].dlkDSL.mac,Repetition Generation Delay for Node 792 at Satellite,,,"154.72890139771","38.72890139771"
General-12-20260805-17:41:19-87901,vector,Florasat_Individual_Sats.satellite[0].dlkDSL.mac,Message Generation Delay for Node 792 at Satellite,,,"154.72890139771","38.72890139771"
General-12-20260805-17:41:19-87901,vector,Florasat_Individual_Sats.satellite[0].dlkDSL.mac,Repetition Position for Node 312 at Satellite,,,"158.84666759022 173.71446196422 265.9149175688 381.28910566507","180 180 180 180"
General-12-20260805-17:41:19-87901,vector,Florasat_Individual_Sats.satellite[0].dlkDSL.mac,Repetition Generation Delay for Node 312 at Satellite,,,"158.84666759022 173.71446196422 265.9149175688 381.28910566507","42.84666759022 57.71446196422 34.9149175688 35.28910566507"
General-12-20260805-17:41:19-87901,vector,Florasat_Individual_Sats.satellite[0].dlkDSL.mac,Message Generation Delay for Node 312 at Satellite,,,"158.84666759022 265.9149175688 381.28910566507","42.84666759022 34.9149175688 35.28910566507"
General-12-20260805-17:41:19-87901,vector,Florasat_Individual_Sats.satellite[0].dlkDSL.mac,Repetition Position for Node 297 at Satellite,,,"158.89763335715 260.45863022206 387.10845438664","180 180 180"
General-12-20260805-17:41:19-87901,vector,Florasat_Individual_Sats.satellite[0].dlkDSL.mac,Repetition Generation Delay for Node 297 at Satellite,,,"158.89763335715 260.45863022206 387.10845438664","42.89763335715 29.45863022206 41.10845438664"
General-12-20260805-17:41:19-87901,vector,Florasat_Individual_Sats.satellite[0].dlkDSL.mac,Message Generation Delay for Node 297 at Satellite,,,"158.89763335715 260.45863022206 387.10845438664","42.89763335715 29.45863022206 41.10845438664"
General-12-20260805-17:41:19-87901,vector,Florasat_Individual_Sats.satellite[0].dlkDSL.mac,Repetition Position for Node 102 at Satellite,,,"170.95905998831 272.55894334725 284.455864669 368.8067149617 382.06084861436 496.88780873682 588.6518981952 599.22624851151","180 180 180 180 180 180 180 180"
General-12-20260805-17:41:19-87901,vector,Florasat_Individual_Sats.satellite[0].dlkDSL.mac,Repetition Generation Delay for Node 102 at Satellite,,,"170.95905998831 272.55894334725 284.455864669 368.8067149617 382.06084861436 496.88780873682 588.6518981952 599.22624851151","54.95905998831 41.55894334725 53.455864669 22.8067149617 36.06084861436 35.88780873682 12.6518981952 23.22624851151"
General-12-20260805-17:41:19-87901,vector,Florasat_Individual_Sats.satellite[0].dlkDSL.mac,Message Generation Delay for Node 102 at Satellite,,,"170.95905998831 272.55894334725 368.8067149617 496.88780873682 588.6518981952","54.95905998831 41.55894334725 22.8067149617 35.88780873682 12.6518981952"
General-12-20260805-17:41:19-87901,vector,Florasat_Individual_Sats.satellite[0].dlkDSL.mac,Repetition Position for Node 552 at Satellite,,,"242.74422892246 361.76986143569 506.67326075437","180 180 180"
General-12-20260805-17:41:19-87901,vector,Florasat_Individual_Sats.satellite[0].dlkDSL.mac,Repetition Generation Delay for Node 552 at Satellite,,,"242.74422892246 361.76986143569 506.67326075437","11.74422892246 15.76986143569 45.67326075437"
General-12-20260805-17:41:19-87901,vector,Florasat_Individual_Sats.satellite[0].dlkDSL.mac,Message Generation Delay for Node 552 at Satellite,,,"242.74422892246 361.76986143569 506.67326075437","11.74422892246 15.76986143569 45.67326075437"
General-12-20260805-17:41:19-87901,vector,Florasat_Individual_Sats.satellite[0].dlkDSL.mac,Repetition Position for Node 582 at Satellite,,,"280.72258584777 476.88048595346 490.30796922876","180 180 180"
General-12-20260805-17:41:19-87901,vector,Florasat_Individual_Sats.satellite[0].dlkDSL.mac,Repetition Generation Delay for Node 582 at Satellite,,,"280.72258584777 476.88048595346 490.30796922876","49.72258584777 15.88048595346 29.30796922876"
General-12-20260805-17:41:19-87901,vector,Florasat_Individual_Sats.satellite[0].dlkDSL.mac,Message Generation Delay for Node 582 at Satellite,,,"280.72258584777 476.88048595346","49.72258584777 15.88048595346"
General-12-20260805-17:41:19-87901,vector,Florasat_Individual_Sats.satellite[0].dlkDSL.mac,Repetition Position for Node 942 at Satellite,,,"290.35811921376","180"
General-12-20260805-17:41:19-87901,vector,Florasat_Individual_Sats.satellite[0].dlkDSL.mac,Repetition Generation Delay for Node 942 at Satellite,,,"290.35811921376","59.35811921376"
General-12-20260805-17:41:19-87901,vector,Florasat_Individual_Sats.satellite[0].dlkDSL.mac,Message Generation Delay for Node 942 at Satellite,,,"290.35811921376","59.35811921376"
General-12-20260805-17:41:19-87901,vector,Florasat_Individual_Sats.satellite[0].dlkDSL.mac,Repetition Position for Node 627 at Satellite,,,"367.19768942696 500.35551515236 630.5829716319","180 180 180"
General-12-20260805-17:41:19-87901,vector,Florasat_Individual_Sats.satellite[0].dlkDSL.mac,Repetition Generation Delay for Node 627 at Satellite,,,"367.19768942696 500.35551515236 630.5829716319","21.19768942696 39.35551515236 54.5829716319"
General-12-20260805-17:41:19-87901,vector,Florasat_Individual_Sats.satellite[0].dlkDSL.mac,Message Generation Delay for Node 627 at Satellite,,,"367.19768942696 500.35551515236 630.5829716319","21.19768942696 39.35551515236 54.5829716319"
General-12-20260805-17:41:19-87901,vector,Florasat_Individual_Sats.satellite[0].dlkDSL.mac,Repetition Position for Node 612 at Satellite,,,"371.54387834681 384.54390863738 395.75232575498 589.73265241775 600.45068978974 612.18498496399 714.23136720262","180 180 180 180 180 180 180"
General-12-20260805-17:41:19-87901,vector,Florasat_Individual_Sats.satellite[0].dlkDSL.mac,Repetition Generation Delay for Node 612 at Satellite,,,"371.54387834681 384.54390863738 395.75232575498 589.73265241775 600.45068978974 612.18498496399 714.23136720262","25.54387834681 38.54390863738 49.75232575498 13.73265241775 24.45068978974 36.18498496399 23.23136720262"
General-12-20260805-17:41:19-87901,vector,Florasat_Individual_Sats.satellite[0].dlkDSL.mac,Message Generation Delay for Node 612 at Satellite,,,"371.54387834681 589.73265241775 714.23136720262","25.54387834681 13.73265241775 23.23136720262"
General-12-20260805-17:41:19-87901,vector,Florasat_Individual_Sats.satellite[0].dlkDSL.mac,Repetition Position for Node 147 at Satellite,,,"373.60096237128 386.05847114901 498.83992028393 513.83277740766 617.80044430814 630.67418564757","180 180 180 180 180 180"
General-12-20260805-17:41:19-87901,vector,Florasat_Individual_Sats.satellite[0].dlkDSL.mac,Repetition Generation Delay for Node 147 at Satellite,,,"373.60096237128 386.05847114901 498.83992028393 513.83277740766 617.80044430814 630.67418564757","27.60096237128 40.05847114901 37.83992028393 52.83277740766 41.80044430814 54.67418564757"
General-12-20260805-17:41:19-87901,vector,Florasat_Individual_Sats.satellite[0].dlkDSL.mac,Message Generation Delay for Node 147 at Satellite,,,"373.60096237128 498.83992028393 617.80044430814","27.60096237128 37.83992028393 41.80044430814"
General-12-20260805-17:41:19-87901,vector,Florasat_Individual_Sats.satellite[0].dlkDSL.mac,Repetition Position for Node 717 at Satellite,,,"374.90563667372 475.05358193553 508.69693459262","180 180 180"
General-12-20260805-17:41:19-87901,vector,Florasat_Individual_Sats.satellite[0].dlkDSL.mac,Repetition Generation Delay for Node 717 at Satellite,,,"374.90563667372 475.05358193553 508.69693459262","28.90563667372 14.05358193553 47.69693459262"
General-12-20260805-17:41:19-87901,vector,Florasat_Individual_Sats.satellite[0].dlkDSL.mac,Message Generation Delay for Node 717 at Satellite,,,"374.90563667372 475.05358193553","28.90563667372 14.05358193553"
General-12-20260805-17:41:19-87901,vector,Florasat_Individual_Sats.satellite[0].dlkDSL.mac,Repetition Position for Node 207 at Satellite,,,"383.97318426197 395.86033810422 512.74500523254 627.02134647037","180 180 180 180"
General-12-20260805-17:41:19-87901,vector,Florasat_Individual_Sats.satellite[0].dlkDSL.mac,Repetition Generation Delay for Node 207 at Satellite,,,"383.97318426197 395.86033810422 512.74500523254 627.02134647037","37.97318426197 49.86033810422 51.74500523254 51.02134647037"
General-12-20260805-17:41:19-87901,vector,Florasat_Individual_Sats.satellite[0].dlkDSL.mac,Message Generation Delay for Node 207 at Satellite,,,"383.97318426197 512.74500523254 627.02134647037","37.97318426197 51.74500523254 51.02134647037"
General-12-20260805-17:41:19-87901,vector,Florasat_Individual_Sats.satellite[0].dlkDSL.mac,Repetition Position for Node 192 at Satellite,,,"389.46740383822 403.27982861972 510.83267424958 606.54286653156 620.91986258052 632.94360664095","180 180 180 180 180 180"
General-12-20260805-17:41:19-87901,vector,Florasat_Individual_Sats.satellite[0].dlkDSL.mac,Repetition Generation Delay for Node 192 at Satellite,,,"389.46740383822 403.27982861972 510.83267424958 606.54286653156 620.91986258052 632.94360664095","43.46740383822 57.27982861972 49.83267424958 30.54286653156 44.91986258052 56.94360664095"
General-12-20260805-17:41:19-87901,vector,Florasat_Individual_Sats.satellite[0].dlkDSL.mac,Message Generation Delay for Node 192 at Satellite,,,"389.46740383822 510.83267424958 606.54286653156","43.46740383822 49.83267424958 30.54286653156"
General-12-20260805-17:41:19-87901,vector,Florasat_Individual_Sats.satellite[0].dlkDSL.mac,Repetition Position for Node 177 at Satellite,,,"401.16468833297 473.45928748188 483.70462967133 495.35599531074 506.59693196233","180 180 180 180 180"
General-12-20260805-17:41:19-87901,vector,Florasat_Individual_Sats.satellite[0].dlkDSL.mac,Repetition Generation Delay for Node 177 at Satellite,,,"401.16468833297 473.45928748188 483.70462967133 495.35599531074 506.59693196233","55.16468833297 12.45928748188 22.70462967133 34.35599531074 45.59693196233"
General-12-20260805-17:41:19-87901,vector,Florasat_Individual_Sats.satellite[0].dlkDSL.mac,Message Generation Delay for Node 177 at Satellite,,,"401.16468833297 473.45928748188","55.16468833297 12.45928748188"
General-12-20260805-17:41:19-87901,vector,Florasat_Individual_Sats.satellite[0].dlkDSL.mac,Repetition Position for Node 657 at Satellite,,,"401.84416004678 462.31845683758 472.34996509729 486.75598794352 498.39777359031 512.75899379505 591.8147684691 605.76537283594 619.28572035968 633.17498854818 715.05981620763","180 180 180 180 180 180 180 180 180 180 180"
General-12-20260805-17:41:19-87901,vector,Florasat_Individual_Sats.satellite[0].dlkDSL.mac,Repetition Generation Delay for Node 657 at Satellite,,,"401.84416004678 462.31845683758 472.34996509729 486.75598794352 498.39777359031 512.75899379505 591.8147684691 605.76537283594 619.28572035968 633.17498854818 715.05981620763","55.84416004678 1.31845683758 11.34996509729 25.75598794352 37.39777359031 51.75899379505 15.8147684691 29.76537283594 43.28572035968 57.17498854818 24.05981620763"
General-12-20260805-17:41:19-87901,vector,Florasat_Individual_Sats.satellite[0].dlkDSL.mac,Message Generation Delay for Node 657 at Satellite,,,"401.84416004678 462.31845683758 591.8147684691 715.05981620763","55.84416004678 1.31845683758 15.8147684691 24.05981620763"
General-12-20260805-17:41:19-87901,vector,Florasat_Individual_Sats.satellite[0].dlkDSL.mac,Repetition Position for Node 642 at Satellite,,,"488.6880388819","180"
General-12-20260805-17:41:19-87901,vector,Florasat_Individual_Sats.satellite[0].dlkDSL.mac,Repetition Generation Delay for Node 642 at Satellite,,,"488.6880388819","27.6880388819"
General-12-20260805-17:41:19-87901,vector,Florasat_Individual_Sats.satellite[0].dlkDSL.mac,Message Generation Delay for Node 642 at Satellite,,,"488.6880388819","27.6880388819"
General-12-20260805-17:41:19-87901,vector,Florasat_Individual_Sats.satellite[0].dlkDSL.mac,Repetition Position for Node 327 at Satellite,,,"490.52623941311 516.45356105388","180 180"
General-12-20260805-17:41:19-87901,vector,Florasat_Individual_Sats.satellite[0].dlkDSL.mac,Repetition Generation Delay for Node 327 at Satellite,,,"490.52623941311 516.45356105388","29.52623941311 55.45356105388"
General-12-20260805-17:41:19-87901,vector,Florasat_Individual_Sats.satellite[0].dlkDSL.mac,Message Generation Delay for Node 327 at Satellite,,,"490.52623941311","29.52623941311"
General-12-20260805-17:41:19-87901,vector,Florasat_Individual_Sats.satellite[0].dlkDSL.mac,Repetition Position for Node 702 at Satellite,,,"501.93345619975","180"
General-12-20260805-17:41:19-87901,vector,Florasat_Individual_Sats.satellite[0].dlkDSL.mac,Repetition Generation Delay for Node 702 at Satellite,,,"501.93345619975","40.93345619975"
General-12-20260805-17:41:19-87901,vector,Florasat_Individual_Sats.satellite[0].dlkDSL.mac,Message Generation Delay for Node 702 at Satellite,,,"501.93345619975","40.93345619975"
General-12-20260805-17:41:19-87901,vector,Florasat_Individual_Sats.satellite[0].dlkDSL.mac,Repetition Position for Node 507 at Satellite,,,"511.0555651434 576.65340831404 590.36853099841 604.57725300238 614.88501631439 628.60235079674 691.95984950888 705.98145436978 717.67742383194 730.01529521325 741.23170938708","180 180 180 180 180 180 180 180 180 180 180"
General-12-20260805-17:41:19-87901,vector,Florasat_Individual_Sats.satellite[0].dlkDSL.mac,Repetition Generation Delay for Node 507 at Satellite,,,"511.0555651434 576.65340831404 590.36853099841 604.57725300238 614.88501631439 628.60235079674 691.95984950888 705.98145436978 717.67742383194 730.01529521325 741.23170938708","50.0555651434 0.65340831404001 14.36853099841 28.57725300238 38.88501631439 52.60235079674 0.95984950887998 14.98145436978 26.67742383194 39.01529521325 50.23170938708"
General-12-20260805-17:41:19-87901,vector,Florasat_Individual_Sats.satellite[0].dlkDSL.mac,Message Generation Delay for Node 507 at Satellite,,,"511.0555651434 576.65340831404 691.95984950888","50.0555651434 0.65340831404001 0.95984950887998"
General-12-20260805-17:41:19-87901,vector,Florasat_Individual_Sats.satellite[0].dlkDSL.mac,Repetition Position for Node 957 at Satellite,,,"588.97241910304 602.7215038807 617.25706179592 629.5218811658 692.72100845435 707.26558946273 720.59744691094 735.27157014785","180 180 180 180 180 180 180 180"
General-12-20260805-17:41:19-87901,vector,Florasat_Individual_Sats.satellite[0].dlkDSL.mac,Repetition Generation Delay for Node 957 at Satellite,,,"588.97241910304 602.7215038807 617.25706179592 629.5218811658 692.72100845435 707.26558946273 720.59744691094 735.27157014785","12.97241910304 26.7215038807 41.25706179592 53.5218811658 1.72100845435 16.26558946273 29.59744691094 44.27157014785"
General-12-20260805-17:41:19-87901,vector,Florasat_Individual_Sats.satellite[0].dlkDSL.mac,Message Generation Delay for Node 957 at Satellite,,,"588.97241910304 692.72100845435","12.97241910304 1.72100845435"
